# Created by Octave 6.4.0, Fri Jun 06 16:10:53 2025 -03 <feliperiffel@feliperiffel-Asus-X1504ZA>
# name: DN
# type: matrix
# rows: 15
# columns: 15
 1.2751689261849928 -0.023094898058757394 -0.013811092436319372 -0.046728032607531285 -0.031141653772163477 0.015953401473002501 -0.038837058940983542 0.033440728894439289 -0.0035447023679785598 0.037507502467982616 0.00030814930352795729 -0.022222986749043529 -0.013722427074559722 -0.12093380645825913 0.10700906040015336
 -0.065305811926315918 1.9156216971225537 0.032498844191822022 -0.0019169892320287753 -0.037864956333270965 -0.053893199670971816 0.015790464398458708 -0.0015911403098203096 0.068472994838294943 -0.069011127083335441 -0.022789582352985754 0.01404881688657691 -0.03175719179345772 0.41037837737186944 0.090426051742154054
 -0.016228749364125564 -0.016736311630071055 2.4257800199392561 0.039266236888813186 -0.051598132300846269 -0.042173902499794323 0.025285877059926597 0.06499542753310586 -0.098953035009683471 -0.0017978285300501932 0.001295051935339124 -0.0080086788577639362 0.79228366620240376 0.082644552512337446 0.01250764565476107
 -0.048355841356288565 -0.0064807918875042364 -0.018391463938143844 2.7838855964948879 0.045569920956465566 -0.012693845883143028 -0.0079697333779904719 -0.085848163923950838 -0.034646162916900577 0.010035105902340798 0.034314043691710164 1.2373511774339105 0.046675015881486273 0.038326286060462261 0.016930337171797566
 0.0011413222041339382 -0.03667705158389073 -0.047062998979135934 -0.020583277369662981 3.139464432349973 0.083746753953980471 -0.15277195513165653 -0.13257460245466265 0.090426392325691857 0.025836017838956921 1.7665788159686386 0.051333007082187423 0.025278849669210322 -0.0075488568731025361 -0.036731553332191455
 0.0037270466290655305 -0.0070755257481671489 -0.022897012341384828 -0.012597262852733351 0.0060722124219297711 3.2597852952806643 -0.021291787316061864 0.0079940572811899244 -0.015502978404006773 2.4756058457170753 0.0051880514363510464 0.012368785077414389 -0.0059215719759847501 -0.057856493205051672 0.001681288840713986
 -0.016170841377246749 -0.0033403052205181224 0.051889461916595166 0.018488640927849846 -0.11632375530698869 -0.11204349251206135 3.5819354501366956 0.10649801746872463 3.0740678419309981 -0.049103810190402275 0.10972911767477755 -0.054498970423275069 -0.090305626584202256 0.020401976849120179 -0.0010886179049738362
 -0.003250205849414072 0.017917601390987175 0.041736603449396947 -0.092927293549579779 -0.035242267664829061 0.12062782179628918 0.0032104056314594728 5.6227161169119597 0.15824185452277884 0.0786251226159322 -0.068045694517592598 -0.13876046484362212 0.060480440201521345 -0.012174841207488303 0.0054584884296344626
 0.0026431842916881999 -0.0015110077242064665 0.034007842323844038 0.00061498590190196519 -0.00052171663018013798 -0.090832835203535092 -3.2156686471512081 -0.088737733070068298 3.4370171876026259 -0.038625450349206336 0.057071133900332721 -0.090907539039307789 0.047975635788489429 -0.035961521820911169 0.018758589813079485
 -0.0026395304770222027 0.048294022881890102 0.02939047727070606 -0.074944262167141368 -0.04700867434655278 -2.3828653170986898 -0.15110444095421446 -0.15368357318782636 0.042962147323568116 3.4528426684156268 -0.12052609394621749 -0.018927172042418696 -0.05931934468959886 0.05071330563632101 -0.0099368845631751766
 0.051199465467023919 0.0043567065393789834 -0.046374427331176589 -0.019998150751722774 -1.8331573022884453 -0.057360875026840077 -0.024343883274063092 -0.06060786403424312 0.056670554541820684 -0.048041026083358078 3.1209504872722142 -0.060587087963080224 0.026821588825494718 -0.060277048959835565 0.0020613685178429608
 -0.0012548045322171618 -0.022430591809189764 -0.044126554972795703 -1.2710613148108647 -8.6656742676017125e-05 -0.070492132560217385 0.021110963533337343 0.13573571786916239 -0.13833054440756229 -0.038184219728779951 0.0019816379779557265 2.8623916637010467 -0.04177288309385313 -0.0039865080314618355 -0.049285688477644259
 -0.020716153473334324 -0.053637273523892449 -0.78160736698595534 0.015112879425366347 -0.048685249957287388 0.041172834474593217 0.046848710358419671 -0.070797035024777258 -0.017213441549063686 -0.082648909796183861 0.031768877235421496 0.014042802949096109 2.4294399271270732 -0.03606356032524926 0.00084085652715360523
 -0.11934730612246713 -0.40876209791111368 0.066191462701624945 0.0030411888094128287 0.033862851131296265 0.014779802413844871 -0.025665504348172091 -0.049586307511884246 -0.016733552258720415 0.020439488969468195 -0.068705293478515561 0.0023821098925682028 0.015269112142456931 1.9453371355037006 -0.0025736669873644368
 -0.15204465132751679 0.084860735152406164 -0.0065990326300163892 0.045060265381800163 0.017359193763872682 -0.026929869461560403 -0.034262457091671063 0.004021668248343587 0.01632392237253151 -0.0081289826544322409 -0.021394242413315504 -0.044895715642939496 0.0050592901580991025 0.03662790532580551 1.1920003354389941


# name: DN1
# type: matrix
# rows: 15
# columns: 15
 1.0560394998134524 -0.005982776841313423 -0.0049738691686644215 -0.014710350166291984 -0.0014382558347244253 0.012620425069910932 -0.034125147711997109 0.01966864928360278 -0.010825610175159981 0.022484198183108643 -0.018958643545134927 0.011266803662415437 -0.0007186578254867067 0.0056026937651635494 0.11403876778994133
 -0.012491116498735884 1.8007551540557456 0.013864571218107078 -0.0082857879551868716 -0.022389425713772018 -0.028850865092074518 0.017646903756431208 -0.010441925144487345 0.050915464560885526 -0.075428297026682994 0.0038896364913449822 0.031618929907464961 0.022646883642303856 0.36944846483241589 0.0076508000490880584
 -0.0034750586401999795 -0.0039586523953997962 2.3630131727153847 0.025416846632513757 -0.055453681074679274 -0.032638697694311374 0.033994398435450504 0.06146830882463683 -0.10349081848715734 0.010487260497721541 0.013742762466571268 0.020083529343243679 0.77404656399315974 0.021902769011353018 -0.0028086646856210758
 -0.0057569527445460039 -0.00079623959980299245 -0.0084087116586455419 2.7503116002213064 0.032957475304579119 -0.018725807586991897 -0.0071420007324669368 -0.07724157483402376 -0.022898840385170482 0.018407192430999857 0.046353370617185724 1.2219536706471741 0.013671163592245746 0.020700084544665973 0.00082880920237205207
 0.0099122882739493528 -0.007906423735743049 -0.041177491655319629 -0.015778827176468346 3.1209850377966202 0.073422716887735023 -0.15635263342940584 -0.12248573287608594 0.10116541810404336 0.033608256255852877 1.7567942919342079 0.032006728005407367 0.014799686876080123 -0.015250968631316225 -0.012313621646139885
 -0.0037949539716323213 -0.0021064321658690968 -0.0064294852631997731 -0.01016993119547235 0.0076599804692740227 3.2514443600738527 -0.02302640227031982 0.010059557346774458 -0.010452012031232708 2.4727725212519593 -0.0026516441712379508 0.0064254718801910835 -0.0091601902621276064 -0.038869132487916784 0.0055514967760685414
 -0.020349811486148086 -0.010144443387414149 0.04993909120677148 0.02579875309562572 -0.11253751568275115 -0.10657471851781658 3.5806419886177276 0.10381403491087961 3.0685271326045731 -0.052658910074421493 0.11039655557231766 -0.05151309861603573 -0.07884440464045428 0.021492067265476523 0.00033664893221887197
 -0.0088389298969945192 0.011910713850485069 0.037339951534760711 -0.091973944152621695 -0.02781222267976996 0.12474411700450054 0.0054759901801277313 5.61727165498103 0.15283052030211391 0.075959495309456934 -0.066053261114255246 -0.12983410848078988 0.064458164891648601 -0.0093766794800011124 0.0014986748357944785
 -0.0021863906111554317 -0.0085729271670377458 0.023422794627619502 0.0016425700655395726 0.0065526720126607638 -0.083937344612801223 -3.2127476118754728 -0.095028317713422794 3.429664872070262 -0.040273493501607784 0.061029782492108303 -0.079208448012368232 0.053130082904997745 -0.038709117029731059 0.013320014426484167
 -0.0089795187580084656 0.028973934868105213 0.027688918978490143 -0.068970111529141995 -0.036255558853238945 -2.3733913642813071 -0.15162367258338488 -0.15997984444052221 0.033472224714048919 3.4455670188133136 -0.11584245189988883 -0.0105399896404974 -0.041870251171120053 0.055253096929979054 -0.016366018514210504
 0.020610592189127742 0.0098670792386822276 -0.036104734181680059 -0.0043056878164398123 -1.8233047702934473 -0.062714275652720988 -0.024837258155295781 -0.064421260502719735 0.055073340835933154 -0.054565751438291836 3.1075666459554108 -0.055064884731302326 0.033792871445858783 -0.029642476013772075 0.010627694822766874
 0.011829864508059054 -0.0064544914988774399 -0.015614217535073274 -1.2571870073909064 -0.016472330394417783 -0.079668828442150355 0.012453488416193328 0.14623765500463382 -0.12920552405119592 -0.03765228771732404 -0.0094308757785888098 2.8303591193917552 -0.03436180374061884 0.002441498486991006 -0.015207162336557303
 -0.013047358227393908 0.00084568574882029938 -0.75779678875060075 -0.015997843150794874 -0.061403573823413056 0.020308634928923198 0.048409883938315974 -0.060544543700514625 0.0020791759067739042 -0.073459692863841519 0.02675547765019658 -0.0023305325161878175 2.3666772268854004 -0.017087190146837336 0.0059975817923957246
 -0.0010560561105689126 -0.39563834456638419 0.003150500332286991 -0.015921612871357869 0.0047010462160793822 0.024468422703265977 -0.024021374887896688 -0.041087058005686301 -0.014024541383048405 0.040531694963411982 -0.049616850541418664 -0.0025779920378605306 0.001902205616949121 1.8121233716648788 0.0055404125410229198
 -0.10707769520585368 -0.00088562232129832776 -0.023077097868628924 0.0091164848754881934 0.029454559977847617 -0.014722580154701317 -0.027111404313457127 -0.00063122691517094253 0.0091278880591665647 -0.0063333091208059361 0.0025562595408769873 -0.020658415261595411 0.0022154617596007275 0.013134140355725204 1.0559298848427001


