# Created by Octave 6.4.0, Fri Jun 06 16:10:53 2025 -03 <feliperiffel@feliperiffel-Asus-X1504ZA>
# name: U_ad10
# type: matrix
# rows: 16
# columns: 16
 1.1206008300918882 0.21820738827764424 0.11992053878466466 0.079208951576670614 0.051982659366589357 0.034085815073327468 0.015991178432009229 0.0061144763826841697 -0.0058985813390799724 -0.016023303797096794 -0.033817132894994481 -0.053954915222914873 -0.077231240504864393 -0.11933751729507303 -0.21049291660159314 -1.1293562303301039
 -1.0789212868670586 1.0798644033589109 0.21652352340695577 0.1205493114932574 0.077236677501672235 0.052083168532963187 0.030235975449216884 0.01889394301433114 0.0063913041633274353 -0.0034052102787670707 -0.019290779315000499 -0.036244488732458974 -0.052092438226459217 -0.077300771549507402 -0.11530354602313507 -0.21921978592814437
 -0.21726427178543289 -1.0811701450422286 1.0814059537940288 0.21692462771210308 0.11991743705721329 0.077598311359946451 0.048164497927062094 0.033532318485114045 0.01935018557524662 0.0088880796764398418 -0.0062574031585624079 -0.021781369287174307 -0.03387759646085467 -0.051739193107414615 -0.073331136529108401 -0.1203602962156046
 -0.12066128716364846 -0.21628771465580904 -1.0809159601613998 1.0794646768525609 0.21873113504769773 0.12020441787098836 0.073303034164993647 0.051735904138218616 0.03400175066108907 0.021678867741076774 0.0062686763764442516 -0.0089867726403698722 -0.019220896396157927 -0.03350696602965305 -0.048190537045964946 -0.077618328758344152
 -0.079320927246636586 -0.11991239843647765 -0.21837591102078113 -1.1215908511571673 1.1300311025740752 0.21613504149207979 0.11444655205374923 0.076809986867813027 0.051912502475130975 0.035912604211010002 0.01910798992007276 0.0031322773134618842 -0.0064371145281679754 -0.019038309217355158 -0.030477200919679967 -0.052335344379284471
 -0.054066909111991787 -0.077231638881525969 -0.11956221303152403 -0.21029088363137519 -1.1302160321254646 1.1296561847501863 0.21090882473315084 0.11943018198423364 0.077451886631910674 0.053916383371444832 0.03388608043593222 0.01597128947107429 0.0060715622943221526 -0.0060102396374202005 -0.015960341587390875 -0.033954135663434026
 -0.036069555652256197 -0.051716496054523199 -0.07695610652117868 -0.11436026001012212 -0.21669488886790317 -1.1283746664300041 1.1201688246438792 0.21850209777966043 0.12021478775199104 0.079193013527666473 0.052284238071569206 0.030503121499393909 0.019095904385858009 0.0065093888237826233 -0.0031224301898040013 -0.019176972756283772
 -0.021824758634438265 -0.033787973575986105 -0.051817570283031522 -0.073216742120109146 -0.12023261618827674 -0.21911466651887646 -1.0790542329404054 1.080864879884218 0.21641838384351109 0.12046809414899007 0.077556040071687288 0.048220273623987453 0.033549465129051409 0.019299564662297358 0.009000213237801577 -0.0063283543397489039
 -0.0090452920026646288 -0.01914959810522265 -0.033613984630760152 -0.048142659390447637 -0.077612421072878857 -0.1200427507237775 -0.21669145083525232 -1.0806185305614706 1.0805559328662093 0.21692342686954807 0.12034636866412274 0.073389462281523932 0.051762131893850039 0.033955948657534166 0.021790663838165636 0.0061927522513695599
 0.0032445934997921699 -0.0061907166933870602 -0.01896241954568828 -0.030231907576474419 -0.052073036917076654 -0.077279849604121917 -0.12048785474317722 -0.21648098153909448 -1.0821022483839358 1.0810188243652745 0.21918426152338538 0.11540302124762421 0.077294024474969247 0.05217418334193448 0.03626001765449649 0.019230088894733571
 0.015862687018060817 0.0061025732618493825 -0.0061716314811246509 -0.015998171106085 -0.034069257756809579 -0.052003219447714508 -0.079212774120736795 -0.12002564881840017 -0.21800685088821942 -1.1200409665836972 1.1284415119243207 0.21074530229157412 0.11928938633601727 0.077324535815953915 0.053992870603130655 0.033769652950477125
 0.03038904059786729 0.019135949418234738 0.006354448053875611 -0.0031588575623439016 -0.019291167241200474 -0.033605061812159137 -0.053940972120039316 -0.077235320226095819 -0.11916895802917361 -0.210783716182148 -1.1286536685201578 1.1202582999783988 0.21822652072652737 0.12002825666639802 0.07928052596358727 0.052164680286836379
 0.048099467088285247 0.033599068863430039 0.019149044700358858 0.0089601923911019413 -0.0064521550843113784 -0.019073229784342657 -0.036223819995241019 -0.052066131569009813 -0.077155399063835436 -0.11544143513804737 -0.21914067083329561 -1.0800353670219942 1.0814681964139599 0.21622789422378849 0.12064219005511781 0.077442154752646639
 0.073238269366292102 0.051813910628879523 0.033805744765299794 0.021743974259250891 0.0060565217382114733 -0.0060488876927751178 -0.021770259251580021 -0.033853464804278588 -0.051623506482846152 -0.073446073276389329 -0.12020353644226732 -0.2167936913352112 -1.0813283654719608 1.0809670636790176 0.21725104202181339 0.12019125829704695
 0.11527501511183319 0.07737548907108853 0.052037971843391262 0.036212631071490614 0.019084591318038024 0.0064707407683191678 -0.0089800834127750917 -0.01919708080918877 -0.033405271798785233 -0.048295720802145767 -0.077499815591897989 -0.12059405377885241 -0.21658919601659055 -1.0812269593345378 1.0801511216570867 0.21918062070234676
 0.21046438569010842 0.11934789856512289 0.077178571326912471 0.053925967197689065 0.033601450650424247 0.019308652165960883 0.0031425600151461786 -0.0064066302087347482 -0.018935917982540976 -0.030562867853158843 -0.052212160231358634 -0.079232389688063204 -0.11998034404949995 -0.21832687969974535 -1.1214905361345231 1.1301782402354916


# name: U_ad0
# type: matrix
# rows: 16
# columns: 16
 1.1083435113805329 0.20670072231269743 0.10919517972759241 0.068761092529856724 0.040683957611175714 0.021111393497910334 0.0004268364434908585 -0.011820867051008628 -0.014630964463972617 -0.0058694131146880251 -0.018804699592003385 -0.04071999956336457 -0.052157966227738051 -0.073443228699950097 -0.19854061052077684 -1.1392349442716532
 -1.0846153189939762 1.0732822813537257 0.20973135579295477 0.11344841770157676 0.069070459438729137 0.042087920781560192 0.017276401284278261 0.0020247781335237698 -0.0055251482579830452 0.0012698565477270544 -0.0094074958709812542 -0.02931655656346718 -0.038856528105210342 -0.042989369521291232 -0.097430547229865605 -0.22005050649337532
 -0.21803375995289914 -1.0836975284924844 1.0780787980340898 0.21294042174829148 0.11482149452465625 0.070682869928675521 0.038087178748498395 0.018166416045722222 0.0046103303694839046 0.0084099453656532354 -0.00077240139978132158 -0.019531536032441111 -0.02884068749097185 -0.026305021704512599 -0.053230582843350138 -0.1153859368504133
 -0.11749758388718917 -0.21535008625166258 -1.0811210643234088 1.078421068558308 0.21666376317203145 0.1164741233881138 0.066384311657116599 0.038266968289635328 0.016543929108886531 0.015920094857670319 0.0074958785922582087 -0.010742965645053419 -0.020570326624863244 -0.015191327243134212 -0.027216186894266747 -0.068480596755293055
 -0.072810258714528675 -0.11585808220462034 -0.21564041751346444 -1.1197458436683005 1.1310674279282078 0.21582560786735569 0.11112630512846494 0.065791815355868741 0.031719211655433469 0.024370423856681183 0.015837363219087627 -0.0024358575101315338 -0.01325620954380935 -0.0068069766321431358 -0.009244798259880227 -0.039939710964426042
 -0.04442375688652217 -0.07010704711911718 -0.11379814886701964 -0.20534217891239342 -1.1256927243598076 1.1333957721323831 0.21215242613825119 0.11198683057377723 0.054355629349992649 0.035283451631315021 0.025203264526037952 0.0062342861653353794 -0.0060762679554488552 0.00041396796600551289 0.0051463278557852821 -0.018731832237887491
 -0.023447229602721609 -0.041512097972195058 -0.068006895408220774 -0.10599069443291237 -0.20812256009522401 -1.1196181642754954 1.1276051935130251 0.21684895638396445 0.094402369540300166 0.051318896515121018 0.036479061054406035 0.015742377598254254 0.0013132193661523073 0.0070169130271954816 0.017452819073427328 -0.0014821642840490701
 -0.0065976647617148054 -0.020701320507503326 -0.039709762499564739 -0.061248700960917696 -0.10709643908573888 -0.20416539690087904 -1.0628966808312943 1.0896267666924666 0.19020743051151234 0.080356376333503177 0.051503596904488975 0.026691903591549524 0.0091898443824628973 0.01326697968377355 0.02833071386521957 0.013242353583462374
 0.007247980423084166 -0.0045596825951991493 -0.019609210255956001 -0.033723853894594091 -0.060901423868634411 -0.099303271091188389 -0.19011887052236756 -1.0529257571396697 1.0676400453214792 0.16487255475840584 0.078595651198614891 0.041359187256208386 0.018356021783871301 0.019369934138963263 0.037885885097574734 0.025814809390346916
 0.016353796629421602 0.0055757960322421057 -0.0076756115168630235 -0.01854857134802472 -0.038265006174633201 -0.059256530901195724 -0.094313809550646666 -0.17549314232972885 -1.0496300141139805 1.0470781136698055 0.16494705015567968 0.071386758000498485 0.032740636826776526 0.025794241656485972 0.044870059369318704 0.034436233596068705
 0.023493066291761289 0.012715884850240916 -0.00016546202487795897 -0.010098242348925569 -0.027351978400244625 -0.043221086017451033 -0.06527632973175701 -0.090976963904869854 -0.16742445520272414 -1.1071458078288887 1.0969545432892231 0.17349897277616436 0.072216346769886808 0.038596601602842895 0.052216431426213905 0.041968478454420449
 0.032890270012294942 0.021350979321389837 0.0081028179670287678 -0.0017567577220765213 -0.017986077093599659 -0.031945289489178949 -0.050251793881216894 -0.063884909610790408 -0.081073056245787672 -0.17513831469488622 -1.1212247107418769 1.1115058808388054 0.18336264442336284 0.068754693637282649 0.064525463776588743 0.052768159503269629
 0.044293713011825053 0.03113599985240631 0.016891388354368313 0.0065503504128267206 -0.0093159334183210724 -0.022437198056335109 -0.039302267887644668 -0.049217625946300886 -0.051045485501787211 -0.073026099919232298 -0.18321780267914906 -1.052602766806398 1.0765867685770281 0.1516019233923514 0.085897248119548797 0.06720778849524553
 0.057595151134469669 0.041151840466702116 0.025161749219819271 0.013864467493409305 -0.0021359918306867419 -0.015047710734836484 -0.031425642870690954 -0.040051448545031183 -0.03666087045934302 -0.033550389975783877 -0.072071505024810412 -0.15937864265277812 -1.0204888951615529 1.0329792255666077 0.15060183307349551 0.089456830301311602
 0.088049010312975795 0.057836188283423622 0.036275443681733889 0.022248818104625204 0.0050849527678694601 -0.0084447656736088821 -0.025175576214383533 -0.033948494089905308 -0.030236562941702128 -0.02074803002950059 -0.041913412990532146 -0.076531412897887383 -0.13911159298676901 -1.0347186672752182 1.0269806107530639 0.17435349119612525
 0.1891590736031861 0.10203615266995388 0.062289839631788142 0.040220206739250551 0.019476078884220701 0.0038617255441704551 -0.01429768142312365 -0.024393322857653391 -0.023252388669807965 -0.013401657972902596 -0.029604380640662065 -0.055159628555294868 -0.074407008033176847 -0.15833988959525946 -1.1282446666620976 1.1040575473368468


