# Created by Octave 6.4.0, Fri Jun 06 16:10:53 2025 -03 <feliperiffel@feliperiffel-Asus-X1504ZA>
# name: NtoD
# type: matrix
# rows: 15
# columns: 15
 0.78176958850706568 0.022490604044103354 0.0039050179619061873 0.01329359626939478 0.0060140981388221854 -0.0067881698746952452 0.0050600191317061232 -0.0040976226352474349 -0.0033014372465549318 -0.0035449623209808379 -0.0033423279724230496 -0.0013360439769547271 0.0032542348600329445 0.044507823368317073 -0.071832462734887137
 0.011368683777840456 0.50191555833986357 -0.0011892020134317495 -8.3881868980494297e-05 0.006179883137658093 0.010000595684382513 -0.0068255907650802642 -0.00037012475742738741 -0.0044427872803762588 0.0031929836412797705 -0.0020480780397922225 -0.0033726917780452052 0.0075962777341532003 -0.10408915084554039 -0.03918030820508954
 0.00054761992532500374 -0.0033166388111151822 0.37363292176618479 -0.0035066075104160242 0.0034195660628150693 0.0033353340775164574 0.0045505048102398868 -0.0061872213830816928 0.0064637169854890675 -0.0048169026118251041 -0.0018443649138029801 0.0029828561718813979 -0.1215847479222707 -0.017038431223062898 -0.0035014940123793406
 0.0093600818281778294 -0.0014063299988631127 -0.0024345034342900264 0.30060412806857173 -0.0045996606447610633 -0.0026070800795107494 -0.00052046993778740152 0.0074043409521395206 -0.001977200941652337 -0.00090815651354358702 -0.00055705825401909008 -0.12963442878259565 -0.0072603670439349592 -0.0052168421980224216 -0.010491697182338371
 0.0058170555798629023 0.0035548773826305441 0.001514237804351271 -0.0018928469600369125 0.2397425018985247 -0.0076206760903874899 0.0029156948056596184 0.0040865261561431679 -0.0072701702430081165 0.0016080184891328088 -0.1354942704070739 -0.0061359025618246462 -0.0012986309636256721 -0.0042541577762908265 0.006701644202126141
 -0.00010604665850444866 0.0061247841262623915 0.0020502356070155408 -0.003379561997981121 -0.0044976831920257579 0.20158053982068225 -0.0013155037804781873 -0.0043142238645753027 0.0041763904870145956 -0.14442378919529864 -0.0032035710422866153 -0.0005013707680774634 -0.0035578727293229823 0.0083608608885102059 -0.002097303251868232
 0.0023821086279552104 -0.00041295177437429597 0.0014396076111445771 -0.0017285747535483347 0.0030287978245256775 0.0013322552441062331 0.15497274448953019 -0.0050690838498553981 -0.13836389063550872 -8.9190811340249384e-05 -0.0048896950850328344 -0.0010841678629351455 0.0082162964496242993 -0.0039960263320653932 0.0022090256819716284
 0.0005374435017055511 -0.0014100863747240288 -0.0038329240777817907 0.0082948228468935573 0.0030024878487794342 -0.006493096471073199 -0.0040396798198518999 0.17799020364729329 -0.0045458379242369262 0.00040854439045734435 0.00238864877974159 0.0048577902893190339 -0.003402970877866117 0.001239985992629828 -0.00045920024966357258
 0.0018341081215958103 0.0011160370165189128 -0.0041377855069121275 0.0020773459899611955 0.00042166544479359469 0.0080235828330981786 0.1450028330433468 -0.0003677355573976338 0.16165185568716561 -0.0018524219217889576 -0.0084212206167243835 0.0066866832009305592 0.0037138632294890935 0.001633448900865783 -0.002367040272076995
 0.00017140473533208624 -0.0041763134566220363 0.00065170820860453943 0.0052418390518271761 0.0051539914047807316 0.13860103109567318 0.0040001934111233775 0.0051629793660825703 -0.0056590458971455286 0.1901364873014274 0.0041482429992954076 -0.0014367856891111257 0.0046175443753922081 9.8154036700835116e-06 0.0017677555323907669
 -0.0083990911517366831 0.0030069913521812049 0.0052538948132735113 0.0032977397184440682 0.14076862169560944 0.001311471249720897 0.0003907399916489385 0.0058016750348977176 -0.0081616982204418594 0.0011359090321619125 0.24125098752598473 0.0012170355352168704 -0.0058788133739784854 0.0062759444416223137 0.0045223854555004831
 0.0065040166822186978 0.0031828070417844806 0.006480810083229374 0.13301284871904989 -0.0021551824637808196 0.0065726061186019953 0.0059249711390351855 -0.0052491548111127479 0.0082404088055817535 -0.00152177209658484 -0.00094961750560645171 0.29215448455867243 0.00062931377839783821 -0.0024693483420473485 0.0091044330502912316
 0.0079235583175199936 0.011555449657261997 0.11976784841145152 -0.0032001697729738023 0.0046123499880179773 0.0021638717046750175 -0.00051557503983146505 0.003553741299583091 0.0052676384601831917 0.0074348237768575333 -0.0060780274720147083 6.30387022784322e-06 0.3728179963951227 -0.00017803350931459416 -0.0029503834747770233
 0.05003771607702507 0.10682709926378822 -0.013641008060853624 0.00062980633661748769 0.0024225225084145725 -0.0013314391398742452 0.001843943952539549 0.0044249795868097092 -0.0020968535960792156 -0.00033635753429889313 0.010268294062954488 -0.00069042904116692816 0.0028614235627635841 0.49572346619451441 -0.011351670288759688
 0.097036462105133808 -0.035950802015079789 0.0031321654883187553 -0.0047372121451428944 -0.00061537218046544976 0.0044026646208741244 0.0037893817352873675 -0.0019180594419689219 -0.0058022025256419477 -0.002698155480911259 0.0056306945641457964 0.015962573592716363 -0.0021096542827740692 -0.0019124083764094325 0.83367990430766492


# name: NtoD1
# type: matrix
# rows: 15
# columns: 15
 0.93672781163254948 0.0024973486729638981 0.0010556278415544949 0.0025236178393987455 0.0035270401465516956 -0.0055102225283182385 0.0060415674140581379 -0.0032239341479655833 -0.0024029091552654827 -0.0021780287756625262 0.0033736253908329726 -0.0056699795086785649 0.00012833349456926662 -0.0028110273586404791 -0.10121468711835194
 0.005790961594543057 0.53140327637830509 -0.0041261345971978771 -0.0013273065330765975 0.0019941935082619911 0.0092321936971757577 -0.0059119416890539454 0.00052473410646160169 -0.0034264427256916791 0.0059074761293879691 -0.0029143946431917037 -0.0057445590505758098 -0.0036838058863066271 -0.10830576396852543 -0.0038392194608926492
 -9.0046441303768578e-05 -0.00010808924100142879 0.38303098997889884 -0.004980979105387015 0.002782210441783786 0.00164089342607772 0.0047409025907014461 -0.0056981737106056064 0.0075738730006986443 -0.0047124482251992431 -0.002819346707584762 -0.00073263049318431019 -0.12516332646211786 -0.0055093543246100812 0.001652702735666122
 0.0029144336698091553 -0.0010816202102907025 -0.0010790257306400777 0.30391289304835917 -0.0050480155024279754 -0.002737387916824323 -0.0010829259777296795 0.0073461350528017744 -0.002089959190151037 -0.0013537780680773622 -0.0018889812749755745 -0.13094362936278814 -0.0034530110905780609 -0.0031702324516498601 -0.0024280554517480697
 0.0009333601531632805 0.0015245984304472977 0.0020007986106258908 -0.0010134100247266996 0.24104756839273872 -0.0077313608586999502 0.0026886872366549967 0.0036385081993936686 -0.0076904636771928199 0.00090053649939294384 -0.13613277972838689 -0.0049208575955561173 -0.00015187307381156728 -0.00092004251883839221 0.0041557833946477742
 -0.00079097340090419216 0.0043370523209454838 0.0014096662379520816 -0.0029803637911829453 -0.0039393500732349306 0.20201637883318202 -0.0015882989725603655 -0.0045283404244822155 0.0038170306591324586 -0.14490228545664474 -0.0029410639801568813 7.1737422928935357e-05 -0.0022180376319635847 0.0078853938518666476 -0.0033331614616131165
 0.0029599906586523536 -0.00071956450798200673 0.00081860256304814455 -0.0018020946290946741 0.0031995912219263921 0.0014370665774629046 0.15502208515300553 -0.0051720779232707782 -0.13849929169694292 -7.7217519510360813e-05 -0.0048130576467676611 -0.00064361430017588104 0.0082109333731209995 -0.0046263842572750865 0.0014395156286821256
 0.0012162903017996123 -0.0010252133669768858 -0.0037487255857694747 0.0081045753578365982 0.0027077062093063408 -0.0065514218165311517 -0.0039809468462484385 0.17813189854699762 -0.0043834359402630477 0.00057280532725161016 0.0024633690945606683 0.0045409387143648351 -0.0036982757181266593 0.00089888134148610526 -0.0002047285390035441
 0.0030548340738490182 0.0020113173723429675 -0.0038884535031743113 0.0014916905139469978 9.166437078201228e-06 0.0077972452153689609 0.14522532975547486 -0.00016540009829769123 0.16194092685684219 -0.0014799810368507646 -0.0083642826235735112 0.0063167412870404373 0.0026680899396153992 0.0014558097638769948 -0.0023563335085875939
 0.0023534895313402629 -0.003424419686167341 -0.00045953311255261212 0.0048177399455744665 0.0046930390687196814 0.1387874636077758 0.0041645487282177185 0.0052819906756655299 -0.0056033120363215153 0.19051800403949498 0.0045144444330505913 -0.0014412326646781781 0.0040694902194954915 -0.0021935168988351994 0.0020276223983896986
 -0.0060617042220079556 0.00027167171919458065 0.0043271911826583643 0.0023079723788946571 0.14149595316930025 0.001786033350203014 0.00035666951419789411 0.005658460437841609 -0.0084095689894320876 0.0008206153722328574 0.2421501931063271 0.0021344788836074532 -0.0056803427512115579 0.0048387485139960076 1.4120445550470928e-05
 -0.0019797383861802054 0.00085655128091855393 0.0032253073626239246 0.13460011254276988 -0.00053359691420413655 0.0070726468653892925 0.0056843110518526689 -0.0059296358560439241 0.0073375912785869097 -0.0021750397939192716 -0.0014412782447944606 0.29519824016090102 0.0026413391887045324 -0.0018997677249930514 0.0042082800052446519
 0.0050610783404233589 0.00050208761929416935 0.12248143339931986 0.00099166624469771889 0.0057560819836433358 0.0025931877192629299 -0.0016364443206597684 0.0031302601868517009 0.0046739048462374677 0.0056501443609747841 -0.0067963494911909041 -0.00096049640815417086 0.38237844237621488 0.0019696836026132781 -0.0022746710883488497
 0.001417690030448782 0.11601998628727089 -0.0017247513078489857 0.0027505089247173327 0.0037026768046707109 -0.0038500658332816947 0.0017139618846810823 0.0042355639280922093 -0.0015799181881742739 -0.0010045309514637212 0.0061982225168506749 -0.0017595028608995804 -0.0011752480045811296 0.52823737164261697 -0.0037919457109504805
 0.094942669569232363 -0.00076121701035077407 0.0083145298297012463 7.4827119800708383e-05 -0.0066143621319552197 0.0035152960743723583 0.0034634323383010979 -0.00086123116603772248 -0.0046136093535885034 -0.0012427177963686084 0.0033507242255011015 0.0063899701863340021 -0.0032346442543163796 -0.0071007801506239795 0.93686386355017648


# name: Ntrig
# type: matrix
# rows: 1
# columns: 15
 1 2 3 4 5 6 7 8 7 6 5 4 3 2 1


