# Created by Octave 6.4.0, Tue Jun 03 21:33:40 2025 -03 <feliperiffel@feliperiffel-Asus-X1504ZA>
# name: tri_index
# type: matrix
# rows: 128
# columns: 128
 -1 -1 -1 -1 -1 -1 -1 -1 -1 -1 -1 -1 -1 -1 -1 -1 -1 -1 -1 -1 -1 -1 -1 -1 -1 -1 -1 -1 -1 -1 -1 -1 -1 -1 -1 -1 -1 -1 -1 -1 -1 -1 -1 -1 -1 -1 -1 -1 -1 -1 -1 -1 -1 -1 -1 -1 -1 -1 -1 -1 -1 -1 -1 -1 -1 -1 -1 -1 -1 -1 -1 -1 -1 -1 -1 -1 -1 -1 -1 -1 -1 -1 -1 -1 -1 -1 -1 -1 -1 -1 -1 -1 -1 -1 -1 -1 -1 -1 -1 -1 -1 -1 -1 -1 -1 -1 -1 -1 -1 -1 -1 -1 -1 -1 -1 -1 -1 -1 -1 -1 -1 -1 -1 -1 -1 -1 -1 -1
 -1 -1 -1 -1 -1 -1 -1 -1 -1 -1 -1 -1 -1 -1 -1 -1 -1 -1 -1 -1 -1 -1 -1 -1 -1 -1 -1 -1 -1 -1 -1 -1 -1 -1 -1 -1 -1 -1 -1 -1 -1 -1 -1 -1 -1 -1 -1 -1 -1 -1 -1 -1 -1 1311 1311 4383 12575 11039 5151 13343 11295 4127 12319 10658 10658 13828 3588 3588 12804 516 9476 13572 5380 4356 4356 -1 -1 -1 -1 -1 -1 -1 -1 -1 -1 -1 -1 -1 -1 -1 -1 -1 -1 -1 -1 -1 -1 -1 -1 -1 -1 -1 -1 -1 -1 -1 -1 -1 -1 -1 -1 -1 -1 -1 -1 -1 -1 -1 -1 -1 -1 -1 -1 -1 -1 -1 -1 -1
 -1 -1 -1 -1 -1 -1 -1 -1 -1 -1 -1 -1 -1 -1 -1 -1 -1 -1 -1 -1 -1 -1 -1 -1 -1 -1 -1 -1 -1 -1 -1 -1 -1 -1 -1 -1 -1 -1 -1 -1 -1 -1 -1 -1 -1 -1 -1 -1 1104 4176 12368 10275 5407 13599 15647 7455 8479 2847 6943 9247 3103 7199 8223 2466 6562 9732 7684 11780 8708 13060 13060 1284 15620 3332 12548 260 170 13598 1310 4382 -1 -1 -1 -1 -1 -1 -1 -1 -1 -1 -1 -1 -1 -1 -1 -1 -1 -1 -1 -1 -1 -1 -1 -1 -1 -1 -1 -1 -1 -1 -1 -1 -1 -1 -1 -1 -1 -1 -1 -1 -1 -1 -1 -1 -1 -1 -1 -1
 -1 -1 -1 -1 -1 -1 -1 -1 -1 -1 -1 -1 -1 -1 -1 -1 -1 -1 -1 -1 -1 -1 -1 -1 -1 -1 -1 -1 -1 -1 -1 -1 -1 -1 -1 -1 -1 -1 -1 -1 -1 -1 -1 -1 -1 336 5200 13392 11344 15440 8272 2083 6179 9503 3359 2335 8991 7967 3871 10015 14367 2079 8610 15778 3490 9634 14852 6660 12036 12036 7940 7428 7428 11524 8452 4266 8362 9502 15646 3358 12574 286 5150 -1 -1 -1 -1 -1 -1 -1 -1 -1 -1 -1 -1 -1 -1 -1 -1 -1 -1 -1 -1 -1 -1 -1 -1 -1 -1 -1 -1 -1 -1 -1 -1 -1 -1 -1 -1 -1 -1 -1 -1 -1 -1 -1 -1 -1
 -1 -1 -1 -1 -1 -1 -1 -1 -1 -1 -1 -1 -1 -1 -1 -1 -1 -1 -1 -1 -1 -1 -1 -1 -1 -1 -1 -1 -1 -1 -1 -1 -1 -1 -1 -1 -1 -1 -1 -1 -1 -1 1360 4432 12624 10064 14160 9296 3152 7248 2128 7203 15395 9251 9251 10527 13087 4895 1823 14111 10271 418 12706 11682 1442 13730 2564 14084 1796 16132 7940 2820 14596 6404 7338 7338 3242 7454 7454 11550 8478 13086 8990 13342 1054 8222 -1 -1 -1 -1 -1 -1 -1 -1 -1 -1 -1 -1 -1 -1 -1 -1 -1 -1 -1 -1 -1 -1 -1 -1 -1 -1 -1 -1 -1 -1 -1 -1 -1 -1 -1 -1 -1 -1 -1 -1 -1 -1
 -1 -1 -1 -1 -1 -1 -1 -1 -1 -1 -1 -1 -1 -1 -1 -1 -1 -1 -1 -1 -1 -1 -1 -1 -1 -1 -1 -1 -1 -1 -1 -1 -1 -1 -1 -1 -1 -1 -1 48 5456 13648 7504 15696 8528 1872 5968 3920 6224 14416 8227 12323 11299 1059 5155 8739 5663 1567 4639 12831 9890 6050 1954 8098 5026 930 5892 5892 9988 3844 6916 11012 2308 13482 13482 11434 2218 2218 14622 2334 7966 798 4894 9246 15390 3102 12318 4126 10780 -1 -1 -1 -1 -1 -1 -1 -1 -1 -1 -1 -1 -1 -1 -1 -1 -1 -1 -1 -1 -1 -1 -1 -1 -1 -1 -1 -1 -1 -1 -1 -1 -1 -1 -1 -1 -1 -1 -1
 -1 -1 -1 -1 -1 -1 -1 -1 -1 -1 -1 -1 -1 -1 -1 -1 -1 -1 -1 -1 -1 -1 -1 -1 -1 -1 -1 -1 -1 -1 -1 -1 -1 -1 -1 -1 -1 4144 12336 48 13576 5384 11600 6480 2384 6992 16208 12112 13136 4944 35 1827 1827 4899 13091 12835 4643 3615 7711 8735 13986 5794 12194 16290 9122 930 9378 14340 6148 11268 9220 5124 6058 6058 9386 6314 6314 10410 10526 14110 14110 16158 11038 6174 15390 11294 30 13597 10780 14876 6684 -1 -1 -1 -1 -1 -1 -1 -1 -1 -1 -1 -1 -1 -1 -1 -1 -1 -1 -1 -1 -1 -1 -1 -1 -1 -1 -1 -1 -1 -1 -1 -1 -1 -1 -1 -1 -1
 -1 -1 -1 -1 -1 -1 -1 -1 -1 -1 -1 -1 -1 -1 -1 -1 -1 -1 -1 -1 -1 -1 -1 -1 -1 -1 -1 -1 -1 -1 -1 -1 -1 -1 -1 13360 1072 7216 3120 1288 1288 3336 8456 14672 10576 15184 2896 848 6736 2640 10531 14115 3875 16163 8995 7715 3619 2595 14879 6818 16034 3746 7074 2978 4002 1186 5282 2052 3076 15364 1028 14762 2474 14250 4010 4010 13226 938 5662 13854 5918 2846 15134 14366 14366 2333 7453 13597 2588 2588 7708 9756 13852 -1 -1 -1 -1 -1 -1 -1 -1 -1 -1 -1 -1 -1 -1 -1 -1 -1 -1 -1 -1 -1 -1 -1 -1 -1 -1 -1 -1 -1 -1 -1 -1 -1 -1 -1
 -1 -1 -1 -1 -1 -1 -1 -1 -1 -1 -1 -1 -1 -1 -1 -1 -1 -1 -1 -1 -1 -1 -1 -1 -1 -1 -1 -1 -1 -1 -1 -1 -1 2352 5936 13360 9264 11312 2096 10504 7432 11528 12552 4360 10576 592 8784 11856 14928 10832 14627 6435 6947 15139 9763 13859 11811 14883 10857 2722 674 12962 11170 11170 10402 15522 7330 8196 8196 7172 1028 6570 10666 10154 8106 12202 9130 12970 4778 13854 3614 4638 542 10270 6429 14621 15645 3357 4381 11804 15900 1564 13852 796 10524 -1 -1 -1 -1 -1 -1 -1 -1 -1 -1 -1 -1 -1 -1 -1 -1 -1 -1 -1 -1 -1 -1 -1 -1 -1 -1 -1 -1 -1 -1 -1 -1 -1
 -1 -1 -1 -1 -1 -1 -1 -1 -1 -1 -1 -1 -1 -1 -1 -1 -1 -1 -1 -1 -1 -1 -1 -1 -1 -1 -1 -1 -1 -1 -1 6448 6448 14640 10032 14128 3888 4912 14384 2312 14600 6408 4872 13064 5128 13320 4688 3664 7760 10832 7459 15651 9507 5411 1571 12446 11422 6302 2665 15977 9833 13929 9065 2210 6306 3234 12450 8354 12292 4100 8618 15786 3498 9642 15274 2986 7850 16042 3754 7710 11806 8734 9757 5917 5917 10525 11549 12573 4381 12828 4636 1564 4892 13084 14620 6428 6428 -1 -1 -1 -1 -1 -1 -1 -1 -1 -1 -1 -1 -1 -1 -1 -1 -1 -1 -1 -1 -1 -1 -1 -1 -1 -1 -1 -1 -1 -1 -1
 -1 -1 -1 -1 -1 -1 -1 -1 -1 -1 -1 -1 -1 -1 -1 -1 -1 -1 -1 -1 -1 -1 -1 -1 -1 -1 -1 -1 -1 -1 8496 8496 15664 3376 7984 7984 16176 13104 816 5896 14088 14088 16136 8968 9224 1032 3080 1616 13904 8483 12579 11555 1315 414 11166 8350 3230 13470 1182 12905 7785 873 13161 13673 1385 8553 162 4258 4 426 12714 11690 1450 13738 11178 1706 13994 11946 15018 14878 2590 7709 13853 5661 14109 7965 8989 12573 285 540 5916 12060 12060 8988 2332 15644 3356 9500 -1 -1 -1 -1 -1 -1 -1 -1 -1 -1 -1 -1 -1 -1 -1 -1 -1 -1 -1 -1 -1 -1 -1 -1 -1 -1 -1 -1 -1 -1
 -1 -1 -1 -1 -1 -1 -1 -1 -1 -1 -1 -1 -1 -1 -1 -1 -1 -1 -1 -1 -1 -1 -1 -1 -1 -1 -1 -1 10759 5335 12592 4400 11568 13616 6960 15152 2864 4656 12848 13832 5640 12040 6920 2824 10248 15368 8200 12296 5712 291 12579 9630 7582 8606 2974 3998 10142 14238 9374 5993 1897 16233 8041 11625 15721 12649 12649 4457 5213 5213 1117 1117 4189 93 93 4701 605 11869 14941 10921 14877 15901 3613 4637 12061 16157 13085 4893 4893 10012 14108 3868 16156 2844 7452 15644 11548 13596 5404 5429 -1 -1 -1 -1 -1 -1 -1 -1 -1 -1 -1 -1 -1 -1 -1 -1 -1 -1 -1 -1 -1 -1 -1 -1 -1 -1 -1 -1
 -1 -1 -1 -1 -1 -1 -1 -1 -1 -1 -1 -1 -1 -1 -1 -1 -1 -1 -1 -1 -1 -1 -1 -1 -1 -1 -1 2567 14855 13527 13527 11479 4311 5424 5424 5680 13872 15920 3632 7688 15880 8712 4616 11016 14344 6152 8 4104 4104 1438 1438 13726 15774 3486 5022 16286 1950 4766 670 13417 10089 7017 2921 14697 6505 361 4431 335 5597 5213 13405 11357 15453 8285 15197 7005 8797 15965 6749 2729 6825 8733 12829 4637 15133 3869 797 13341 5149 14364 1820 3868 6940 2844 12572 4380 11548 4269 12461 5429 13621 -1 -1 -1 -1 -1 -1 -1 -1 -1 -1 -1 -1 -1 -1 -1 -1 -1 -1 -1 -1 -1 -1 -1 -1 -1 -1 -1
 -1 -1 -1 -1 -1 -1 -1 -1 -1 -1 -1 -1 -1 -1 -1 -1 -1 -1 -1 -1 -1 -1 -1 -1 -1 -1 7687 7687 6663 9431 3287 15575 8407 12503 11223 4823 727 6704 14896 14856 2568 520 1496 10200 13528 1240 7384 12504 5512 5302 13494 1206 2462 14750 9118 13214 1694 7838 8862 7273 3177 12393 11113 2409 1359 11599 12623 8527 13789 1501 9309 3165 7261 2909 2909 12125 5725 13917 1629 3753 16041 9897 5801 2845 2845 10269 11293 13341 1053 14364 3100 9244 6940 11036 284 1197 1197 7341 8365 9525 1333 3381 -1 -1 -1 -1 -1 -1 -1 -1 -1 -1 -1 -1 -1 -1 -1 -1 -1 -1 -1 -1 -1 -1 -1 -1 -1 -1
 -1 -1 -1 -1 -1 -1 -1 -1 -1 -1 -1 -1 -1 -1 -1 -1 -1 -1 -1 -1 -1 -1 -1 -1 519 12807 12807 15879 3591 9735 6359 2263 7383 3031 15319 8919 16087 15063 10967 10712 6616 15832 9688 14296 6104 11480 3288 8408 9608 1416 9398 11446 4278 182 182 5790 9886 11934 2718 14441 11369 5711 1615 11087 9551 3407 7503 7503 7645 3549 4573 6237 14429 9053 16221 16221 10077 9821 681 12969 7849 1705 11177 10665 2077 14365 15389 7197 1053 7196 15388 13340 13340 5148 5293 13485 9389 15533 3245 7477 15669 15669 12597 309 -1 -1 -1 -1 -1 -1 -1 -1 -1 -1 -1 -1 -1 -1 -1 -1 -1 -1 -1 -1 -1 -1 -1 -1
 -1 -1 -1 -1 -1 -1 -1 -1 -1 -1 -1 -1 -1 -1 -1 -1 -1 -1 -1 -1 -1 -1 -1 10247 5895 14087 4615 11783 1543 13831 10455 14551 9175 16343 4055 5847 14039 1751 2717 3741 4568 472 11224 16344 4056 6360 14552 10632 15752 3464 6326 15542 7350 2998 15286 12982 11958 2742 10934 14927 11855 9807 9807 15183 3919 6479 14671 10717 10717 11741 12765 477 10333 13149 4957 1885 14173 5981 5033 13225 937 2985 15273 14761 6569 6173 3101 4125 8220 8220 11292 1052 4525 429 14253 6061 9389 6317 14509 14645 2357 11573 8501 9013 5173 -1 -1 -1 -1 -1 -1 -1 -1 -1 -1 -1 -1 -1 -1 -1 -1 -1 -1 -1 -1 -1 -1 -1
 -1 -1 -1 -1 -1 -1 -1 -1 -1 -1 -1 -1 -1 -1 -1 -1 -1 -1 -1 -1 -1 -1 2055 14343 9991 14087 12039 12039 4871 775 5639 983 5079 12247 2007 14295 9943 12957 11933 1693 13981 8664 15320 12248 984 5080 2440 14728 11656 12680 8584 14518 9142 4022 12214 3766 16054 6838 2782 6878 3663 591 9039 16207 3919 14159 10575 2525 6621 11741 989 9181 5341 5469 1373 11613 12637 349 14505 9129 4009 16297 7081 2473 7593 7593 8221 12317 28 12316 4124 3501 4525 8621 1965 4013 4013 13229 10413 10549 1845 7989 821 13109 13365 1077 -1 -1 -1 -1 -1 -1 -1 -1 -1 -1 -1 -1 -1 -1 -1 -1 -1 -1 -1 -1 -1 -1
 -1 -1 -1 -1 -1 -1 -1 -1 -1 -1 -1 -1 -1 -1 -1 -1 -1 -1 -1 -1 -1 8199 7175 3079 6151 3847 16135 16135 8967 13063 10503 4567 471 11735 6615 2519 10397 6045 1949 5021 925 10653 14040 11992 13016 728 6024 14216 8072 5000 4488 950 13238 8118 14262 10166 14006 8926 16094 9950 9950 8783 13135 4943 1871 79 79 6109 14301 8157 13277 5085 13533 1245 3421 15709 7517 2217 14505 3241 6057 14249 1961 8617 15785 13737 13737 5545 28 5549 13741 3501 15789 11693 7085 16301 12205 13229 685 5685 14133 12085 16181 4917 9269 7221 7221 -1 -1 -1 -1 -1 -1 -1 -1 -1 -1 -1 -1 -1 -1 -1 -1 -1 -1 -1 -1 -1
 -1 -1 -1 -1 -1 -1 -1 -1 -1 -1 -1 -1 -1 -1 -1 -1 -1 -1 -1 -1 12295 12295 15367 15367 9223 6919 6919 2823 7943 2311 14599 6407 3543 15831 10711 10711 14493 10141 3997 8093 2461 14749 3485 6872 2776 2696 6792 12168 16264 9096 10376 4534 438 438 1974 6070 734 13022 4830 1758 3038 10718 5199 1103 11343 12367 15069 15069 10205 12253 4061 9437 7389 3293 6493 14685 2397 8361 15529 3241 13481 10153 425 12713 4521 1449 5545 87 1118 5273 9645 9645 2477 14765 15277 2989 1709 4781 12973 13877 1589 12085 15157 6965 6197 15413 12341 12341 -1 -1 -1 -1 -1 -1 -1 -1 -1 -1 -1 -1 -1 -1 -1 -1 -1 -1 -1 -1
 -1 -1 -1 -1 -1 -1 -1 -1 -1 -1 -1 -1 -1 -1 -1 -1 -1 -1 -1 5506 5506 4103 4103 1031 13319 13319 11015 2823 8455 7431 15623 3335 1495 13783 9687 3229 15517 11421 7069 15261 8605 11677 13725 10968 12936 11912 9864 7048 2952 2184 14472 6280 8630 15798 14774 2486 10462 13278 12254 7134 11230 14814 6622 3151 15439 7247 2781 3805 9949 7133 15325 10461 15581 15581 12509 10589 169 12457 4265 1193 5289 343 5207 13399 1111 4183 12375 87 1118 13465 1177 3225 4249 6573 11181 5805 1709 16045 3757 7733 3637 4661 15157 10293 14389 2101 8245 5403 5403 -1 -1 -1 -1 -1 -1 -1 -1 -1 -1 -1 -1 -1 -1 -1 -1 -1 -1 -1
 -1 -1 -1 -1 -1 -1 -1 -1 -1 -1 -1 -1 -1 -1 -1 -1 -1 -1 14880 10784 13698 1410 11650 4482 12674 5127 11015 263 12551 4359 11527 13575 9479 13783 8349 12445 7325 1181 5277 11165 4789 693 2741 6837 6785 9857 5768 11144 12424 8328 15496 7304 1462 7606 7606 2270 6366 9182 4062 8158 2526 7646 3550 6223 14415 2127 8925 11997 14045 5853 11229 14557 6365 221 221 106 5463 13655 1367 11607 12631 11095 11095 9303 11351 15447 8279 5214 13406 9369 7321 15513 12441 153 9113 665 9901 6829 2733 14901 11829 8757 565 10523 14619 6427 7451 13595 5403 13330 -1 -1 -1 -1 -1 -1 -1 -1 -1 -1 -1 -1 -1 -1 -1 -1 -1 -1
 -1 -1 -1 -1 -1 -1 -1 -1 -1 -1 -1 -1 -1 -1 -1 -1 -1 7712 2592 6688 9602 3458 15746 7554 12674 386 11138 5250 1154 1154 1287 1287 5383 5591 157 12445 8373 6325 14517 11189 7093 8885 16053 1717 16001 1665 13953 11137 14721 4232 1160 13448 13750 13750 8414 3294 15582 9438 6110 14302 8670 11742 11742 13790 10319 733 4829 4829 4458 362 10090 5226 1130 11370 12394 12394 14980 9559 3415 15703 8535 2903 6999 6999 6231 2135 2135 7262 3166 3166 2201 11417 8345 921 13209 4761 11929 2713 10905 10779 6683 9755 13851 5915 14619 2331 15643 3355 9234 13330 7186 -1 -1 -1 -1 -1 -1 -1 -1 -1 -1 -1 -1 -1 -1 -1 -1 -1
 -1 -1 -1 -1 -1 -1 -1 -1 -1 -1 -1 -1 -1 -1 -1 -1 8736 8736 15904 3616 9760 6530 15746 7554 8578 2946 15234 9346 9346 11394 4226 12418 130 81 181 12469 12469 15541 7349 2997 16309 10165 9909 641 4737 9089 2945 7041 10625 7553 5505 5256 5256 222 12510 4318 7390 13534 5342 478 12766 4574 4157 12349 61 5482 13674 11626 4458 8554 14186 5994 9322 15466 7274 2692 14980 3716 6487 14679 2391 8023 16215 1879 1879 14423 2142 10334 15454 4190 14489 14489 6041 3993 12185 3737 16025 6809 15022 2587 11803 3611 1563 14107 1819 11547 8475 4379 11282 15378 7186 18 -1 -1 -1 -1 -1 -1 -1 -1 -1 -1 -1 -1 -1 -1 -1 -1
 -1 -1 -1 -1 -1 -1 -1 -1 -1 -1 -1 -1 -1 -1 -1 544 12832 4640 11808 1568 13856 6530 14722 2434 9090 8066 3970 7042 3202 15490 7298 8322 12369 81 5187 1091 4277 1205 13493 5045 949 1973 12725 5249 4993 3969 16257 1921 11649 3457 13697 1409 1526 5437 13629 1341 4413 12605 317 11069 13373 1085 11325 8253 15009 15009 9578 3434 7530 8554 1898 3946 9066 6250 2154 8836 16004 3716 9860 10583 855 13143 12119 5975 10071 10327 6238 10334 8286 12382 94 10137 14233 8089 15257 11161 13977 8878 3758 11950 8731 4635 6939 12059 7963 795 12571 12571 14354 3090 4114 12306 8210 -1 -1 -1 -1 -1 -1 -1 -1 -1 -1 -1 -1 -1 -1 -1
 -1 -1 -1 -1 -1 -1 -1 -1 -1 -1 -1 -1 -1 -1 10272 5920 14112 1824 1824 1568 13856 5664 10626 13186 13186 12162 16258 10114 6274 14466 2178 7249 4177 8273 9283 3139 11331 4163 5301 9141 13749 7605 3509 9345 3201 4225 14209 10113 12673 4481 5622 13814 1526 5714 13629 3389 15677 8509 2877 15165 6973 3133 15421 7229 7841 3745 3745 6506 14698 11114 16234 16234 13162 10346 644 12932 4740 1668 5764 5764 5719 1623 3671 4695 599 350 14174 1886 8030 13150 9054 5529 1433 1433 2969 7065 5785 12974 7854 1710 13998 539 15131 3867 4891 13083 8987 6162 14354 6930 10002 14098 5906 1554 -1 -1 -1 -1 -1 -1 -1 -1 -1 -1 -1 -1 -1 -1
 -1 -1 -1 -1 -1 -1 -1 -1 -1 -1 -1 -1 -1 -1 14368 14368 10016 1824 12064 4896 13088 800 5762 5762 4994 4994 1922 14210 6018 10370 13393 9297 15441 3153 6211 3139 7235 8259 11075 4675 579 11701 14773 6273 11393 8321 129 6646 6646 2550 11766 9718 9810 13906 1618 3389 7485 2365 7997 16189 3901 6205 14397 8865 8865 11937 13985 5793 10602 15210 7018 874 874 2666 6020 14212 1924 4996 13188 8580 8580 9815 15959 11863 8791 12638 8542 12126 16222 4958 13918 1630 9625 7577 12697 8601 942 13230 9134 2990 11182 2075 2075 10267 9243 13339 5147 11026 15122 6930 3858 1810 5650 13842 -1 -1 -1 -1 -1 -1 -1 -1 -1 -1 -1 -1 -1 -1
 -1 -1 -1 -1 -1 -1 -1 -1 -1 -1 -1 -1 -1 7200 7200 6176 10016 3872 16160 7968 8992 14624 10528 13954 1666 11906 4738 12930 642 1105 1105 5201 11345 14417 10321 14403 2115 8003 15171 6979 8771 11843 14915 10998 6902 12022 14070 11254 7158 10742 15862 502 7762 15954 3666 8786 14653 9021 13117 12093 1853 14141 10301 673 4769 4769 1697 929 10657 4714 618 11882 14954 14954 9348 10116 3972 16260 9092 388 4484 9815 10839 6743 7518 15710 3422 7006 2910 6750 7774 3678 6553 3481 3481 1198 5294 5038 16302 15278 15278 5550 14363 10267 11291 13339 4370 12562 2834 7954 16146 12050 5650 15890 3602 -1 -1 -1 -1 -1 -1 -1 -1 -1 -1 -1 -1 -1
 -1 -1 -1 -1 -1 -1 -1 -1 -1 -1 -1 -1 4128 4128 15392 3104 9248 6944 15136 2848 2336 2336 6432 9858 3714 16002 8834 12930 10577 4945 13137 849 6993 6993 6225 10307 13123 13123 16195 10051 5699 7747 2805 15093 2806 16118 7926 3062 8182 10230 12790 502 14930 11858 594 12882 4690 829 4925 1597 4669 12861 573 6049 14241 12193 5025 13217 14753 6561 8810 15978 7786 1156 13444 5252 7044 15236 2948 7556 15748 2436 14935 14935 13662 11614 14686 10590 11102 14942 11870 12894 4702 14745 6318 7342 3246 6062 4014 8110 9646 13742 1454 3099 15387 7195 4370 8466 7442 4882 13074 786 2578 15890 530 12818 -1 -1 -1 -1 -1 -1 -1 -1 -1 -1 -1 -1
 -1 -1 -1 -1 -1 -1 -1 -1 -1 -1 -1 8224 8224 32 11296 1056 13344 11040 15136 8480 8480 15648 3360 9504 6786 2690 7810 2385 14673 6481 9041 16209 12113 15185 2897 5443 13635 4931 1859 14147 9795 13045 8949 16117 9973 13046 9206 9206 4086 14326 6134 2642 14930 5970 4946 13138 850 10578 13885 11837 11837 8765 14497 14497 10145 4001 8097 9121 2465 3489 1642 1642 9834 6276 15492 11396 4228 15236 13700 13700 11652 14724 10628 5470 9566 5440 8512 4416 1088 13376 9280 4160 606 10414 14510 11438 8366 12462 14254 10670 11694 15790 4526 8219 12315 4123 11538 15634 10514 14610 8978 6674 14866 11794 4626 8722 8722 -1 -1 -1 -1 -1 -1 -1 -1 -1 -1 -1
 -1 -1 -1 -1 -1 -1 -1 -1 -1 -1 -1 5417 33 8225 8225 1056 13344 5152 11040 288 12576 11552 11552 9504 14978 14978 8529 7505 15697 3409 5969 3921 8017 11089 14929 6737 9539 11587 4419 12611 10485 6133 4853 1781 14069 5877 1014 5110 2038 5366 1270 10322 14162 5970 12114 9042 2386 14674 9789 3645 7741 7741 7329 3233 9377 7073 15265 8609 7585 15777 9633 5738 5738 14468 2180 8324 12420 132 5508 6844 3772 9916 5820 253 13632 3392 320 320 13120 5184 15424 12352 64 5444 13676 7532 4460 174 10158 14766 6574 3502 12718 430 27 13586 13586 3346 2322 6418 6418 5217 1121 1121 8289 12385 5402 -1 -1 -1 -1 -1 -1 -1 -1 -1 -1 -1
 -1 -1 -1 -1 -1 -1 -1 -1 -1 -1 9513 13609 4129 12321 7201 2081 14369 10273 5665 5665 1569 4384 1312 13600 5408 10882 12625 4433 11601 9553 9553 14161 1873 8785 7761 3665 3395 15683 7491 2293 14581 10229 2037 12277 13301 10741 6390 14582 11510 13558 9462 14418 6226 3922 16210 8018 7506 15698 3410 6717 14909 8353 8353 11425 13473 5281 11169 12705 4513 11681 1441 5537 188 188 8380 2236 14524 956 10940 15036 16060 11964 4349 12541 1344 7488 11584 8000 3904 6208 6208 3136 9540 1348 9580 15724 8556 364 10092 13420 1132 8300 8622 430 27 5394 1377 1377 4449 12641 1889 1889 13409 15457 15457 97 13594 1306 -1 -1 -1 -1 -1 -1 -1 -1 -1 -1
 -1 -1 -1 -1 -1 -1 -1 -1 -1 6441 9513 1321 1321 11297 15393 3105 6177 14113 14113 13857 13857 11809 4641 12833 545 5240 5240 4433 1361 1361 5457 10065 593 12881 11857 9809 9809 14659 2371 7413 3317 3317 4085 8181 9205 2549 6645 10486 15606 7414 2130 7250 3154 9298 15186 2898 8530 11602 1362 13650 10813 161 4257 4257 4415 319 10047 5183 1087 7231 12351 8255 5869 12476 4284 15548 6332 5052 9148 2748 7868 8892 7421 15613 2301 14656 2368 14144 12096 15168 10304 6468 15684 3396 6508 2412 3436 1900 5996 9324 15468 8300 12396 4204 154 5473 13665 3425 15713 8545 5985 10081 9313 11361 3169 9498 11546 7450 4378 -1 -1 -1 -1 -1 -1 -1 -1 -1
 -1 -1 -1 -1 -1 -1 -1 -1 -1 6441 3369 15657 11561 1057 1057 9249 10017 10017 1825 1825 3617 15905 7713 8737 14949 10853 13432 1144 11384 12408 120 9080 5752 1656 1617 1617 5713 10563 12533 4341 11509 13557 15349 15349 8693 15861 3573 9717 12534 4342 8274 15442 11346 13394 5202 338 12626 4434 4299 12491 203 5439 13631 7487 4415 12607 14143 5951 9279 15423 3135 9965 14061 1773 3260 7356 9404 4028 16316 3004 700 12988 13565 11517 6397 10493 5952 1600 4672 576 5956 10564 2372 324 4420 10604 7020 16236 3948 10348 15468 3180 108 13811 154 12442 9569 7521 11617 10593 8033 16225 4961 6241 14433 6426 15642 15642 4378 -1 -1 -1 -1 -1 -1 -1 -1 -1
 -1 -1 -1 -1 -1 -1 -1 -1 10537 14633 2345 7465 12585 12585 13345 9249 6945 3873 12065 12065 6689 14881 2593 2661 2661 6757 9336 3192 15480 8312 888 13176 9848 13944 11896 12920 632 10436 13625 1337 4409 5365 5365 501 12789 11765 1525 13813 246 82 12370 4178 1106 4555 459 10187 13515 1227 7371 8395 1342 13630 9535 11583 3391 8511 1855 5951 2111 2111 10303 10989 16109 12013 4845 13500 6076 14268 8124 15292 11196 5373 10237 6141 5117 1021 765 9792 15936 8768 13892 10052 8004 13124 836 6764 2924 12140 13164 10348 14444 6643 7667 1523 4250 12442 3226 2401 14689 7009 15201 12129 13153 865 10337 14618 2330 8474 12570 282 -1 -1 -1 -1 -1 -1 -1 -1
 -1 -1 -1 -1 -1 -1 -1 -1 1833 1833 10025 8489 8489 297 5153 11041 15137 7969 7969 13089 4897 14881 2593 8805 15973 3685 9829 6264 2168 2168 888 4984 4984 3704 7800 8824 2244 14532 9529 15673 15673 12601 11065 5177 1081 7225 4153 57 5621 82 5579 1483 3531 12747 8651 14283 6091 11467 15563 3275 7486 15678 3390 6463 14655 6975 7999 16191 4927 6207 6207 15085 7917 8941 13037 749 10172 1980 8636 10684 6588 509 14333 8189 12285 4861 3837 2813 14912 7748 3652 6980 3908 9028 13380 10860 2668 5740 13932 876 10739 14835 15859 3571 7322 7322 15514 14490 6497 11105 2913 1633 609 8801 5658 15130 11034 10010 14106 5914 -1 -1 -1 -1 -1 -1 -1 -1
 -1 -1 -1 -1 -1 -1 -1 13865 5673 14121 10025 7977 809 9001 5161 289 8481 2849 8993 8993 801 10785 613 12901 11877 1637 13925 10360 14456 10104 3960 16248 11128 6776 14968 8388 7364 3268 9412 6457 7481 2873 15161 6969 11321 15417 12345 12345 5627 5234 5579 9675 15819 11723 1995 8139 4043 5067 14539 2251 6462 11582 12606 4414 10559 15167 2879 12095 9023 831 2797 6125 2029 1005 13293 9197 444 12732 3516 3516 2492 12797 8701 7165 15357 1789 12029 6909 11006 2628 8772 580 15172 6212 15428 1092 11884 3692 13932 5875 10227 2547 11763 12787 1178 13466 11418 6298 6042 666 13921 7777 3681 4705 13850 6938 12058 16154 1818 13338 13338 -1 -1 -1 -1 -1 -1 -1
 -1 -1 -1 -1 -1 -1 -1 9769 1577 5929 12073 16169 4905 4905 5161 289 12577 8481 7457 14625 2337 10341 5989 1893 1893 1637 13925 5733 1912 14200 6008 8056 15224 7032 10872 12484 11460 1220 13508 10553 9017 9017 16185 10041 6201 3129 8249 9723 13819 13426 1138 1138 2507 14795 7115 16331 12235 13259 971 10558 2366 2366 4926 830 5182 5695 1599 7743 12863 575 10477 14317 2029 12269 5101 10733 14829 4540 7612 11708 11708 3581 15869 2557 11261 5885 8893 3773 2814 16126 14078 5886 10308 2116 8260 4164 12908 4716 9971 1779 2035 8179 1011 499 5274 9370 7066 10138 14234 12954 8858 11873 3681 11802 15898 7706 8986 3866 1818 9242 1050 -1 -1 -1 -1 -1 -1 -1
 -1 -1 -1 -1 -1 -1 6697 3625 11817 11817 6953 2857 3881 9257 13353 1065 4385 15649 15649 10529 2149 14437 14181 14181 12133 4965 13157 869 4472 12664 376 6520 14712 2424 6084 14276 1988 5060 964 8900 825 4921 1849 14137 10297 2105 2555 7675 1531 9330 15474 3186 4210 6603 11211 3019 7883 4811 715 5694 14142 7998 7998 9022 13374 1086 9791 15935 3647 2285 14573 6381 4077 16365 8173 10733 11757 11757 1468 13756 1533 13821 7677 6653 2237 957 4797 7869 1725 4862 6142 14334 1534 7678 510 68 10995 15091 16115 3827 12275 16371 13299 9203 410 15258 15258 16282 1946 3738 11930 2714 14945 14874 15898 4634 13082 13082 6170 15386 7194 4122 -1 -1 -1 -1 -1 -1
 -1 -1 -1 -1 -1 -1 14889 2601 7721 12841 4649 15145 6185 7209 15401 3113 1313 1313 3361 3361 2149 14437 6245 3941 16229 8037 9061 14693 14693 8568 15736 15736 10616 12740 12740 10180 16324 12228 9156 12996 13881 3641 4665 569 9979 6651 10747 11771 4603 6258 15474 11378 12402 114 5835 14027 7883 3787 8907 13886 1598 12094 3902 9022 9278 3134 6719 6719 2623 7405 15597 3309 7149 15341 3053 8685 15853 5613 13805 5564 5629 13821 8381 3261 10429 5053 12221 11197 9917 7166 16382 8190 6654 3582 4606 5620 2402 2803 8947 13043 15347 11251 9459 13555 410 8602 2970 9114 5018 1690 7834 15002 10896 6800 8730 12826 538 10266 14362 3098 8218 12314 -1 -1 -1 -1 -1 -1
 -1 -1 -1 -1 -1 10793 10793 2601 8745 8745 553 11049 14377 2089 11305 4137 4137 13601 13601 8293 7269 15461 3173 7013 15205 2917 7525 7525 3429 8568 3448 7544 7544 452 3524 10692 7108 3012 7876 3780 2756 7737 11833 1787 9979 14331 2043 8699 12795 14450 2162 2162 2930 15218 12914 626 11979 2763 6718 15934 3646 2878 15166 6206 15422 15422 8254 10815 237 12525 11501 1261 13549 11245 493 12781 7661 9709 13805 1517 5629 189 12477 15549 11453 1981 8125 3005 445 13566 4350 13310 10750 2558 11764 1524 6498 7522 1378 755 7155 6387 3315 1267 4506 7578 7578 9114 922 13978 8778 2634 6730 2704 7824 13968 5776 10640 6544 6544 9616 26 26 -1 -1 -1 -1 -1
 -1 -1 -1 -1 -1 4145 12689 8593 7569 14737 10641 5009 5265 1169 11305 8233 41 5409 5409 12389 4197 11365 13413 13413 11109 12645 8549 15717 15717 9573 1400 13688 9668 7620 15812 10692 11204 1732 14020 11972 15044 10809 6907 16123 5883 12283 16379 13307 1019 10354 13170 4978 16242 7026 8818 11890 2674 10955 14910 2622 8766 574 6974 14398 2110 62 12350 4158 237 4333 1390 4462 366 366 5230 13422 1134 4206 12398 110 131 131 4285 7357 13501 6077 10173 3517 11709 7422 11518 254 11252 14836 3572 7668 354 3426 5474 5986 98 2291 7411 11507 1434 15770 6554 14746 10650 586 12874 15946 11850 11920 3728 1680 14224 2448 2448 7568 13712 13712 25 -1 -1 -1 -1 -1
 -1 -1 -1 -1 -1 12337 4497 11665 15761 6545 9105 13201 13457 1169 7313 4241 145 145 101 5609 1513 7657 4585 489 5221 357 4453 4453 1381 13669 5477 5496 13764 5572 11716 2500 508 4348 12540 11516 14588 14787 2811 763 8955 7163 4091 9211 5371 4466 9074 882 8050 10098 1650 7794 6770 10939 15052 6860 1740 9932 7116 14796 2508 11724 13772 5580 5486 13678 11630 11630 12654 15214 15214 9326 15470 15470 8302 13806 13806 12419 3203 2179 10371 5309 5565 7613 14781 14590 6900 14068 3060 7156 8692 12788 12642 8546 10082 14178 12386 8290 8435 12531 13722 9626 6554 9290 5194 13130 4682 1610 13898 12944 4752 12176 16272 1936 11664 15760 3472 4121 12313 -1 -1 -1 -1 -1
 -1 -1 -1 -1 8241 3121 11313 1425 9617 9617 8081 913 9361 11409 15505 8337 145 83 5478 13801 13801 7657 12777 12777 10217 5353 13545 7401 4329 12521 233 1532 1532 9724 3580 12796 8700 13308 8444 3324 7420 3523 11715 13763 4859 11259 10491 7419 13563 8562 12658 11634 1906 14194 5746 9842 3771 6843 2764 3788 7884 5836 15308 10700 3532 15820 1484 2667 6763 9582 3438 7534 8558 2926 7022 9326 11374 3182 8302 9710 1518 4227 7299 11395 6275 11139 12931 11907 14979 10971 2804 7924 12276 16372 14324 6132 11106 15202 16226 12130 11362 15458 14434 10338 5530 14410 3146 15434 1098 4938 12106 2890 5706 656 15248 15248 16272 912 8592 4496 1049 11289 7193 8217 -1 -1 -1 -1
 -1 -1 -1 -1 1073 15409 11313 2097 13713 1937 8081 16273 2961 6289 2193 4179 4179 12371 13670 1382 9705 11753 3561 2025 14313 6121 9449 15593 3305 12521 5522 4146 4146 5628 7676 11772 1020 16380 4092 5372 9468 12739 7619 1475 9155 2299 14587 15611 3323 8562 3442 15730 14706 10610 699 12987 4795 16059 9915 13004 716 12236 16332 8140 4556 460 8811 7787 3691 9835 6510 2414 9070 8046 3950 10094 14446 14446 6638 15854 11758 4590 1155 9347 3971 7043 4739 16003 6787 6875 9947 13044 13300 5108 9460 13556 12898 8802 9058 4962 1122 3170 6242 5464 1326 14410 7242 15434 4170 3914 8010 6986 11082 2192 2192 2960 5008 13200 400 400 13337 15385 15385 2073 -1 -1 -1 -1
 -1 -1 -1 -1 13361 9265 6193 10289 5521 6033 10129 7057 15249 10385 13395 7251 15443 8275 7526 3430 4454 6633 2537 7145 16361 4073 6377 14569 3305 9618 13714 8242 12338 50 2556 14844 6140 2044 3068 7164 9923 14275 12227 16323 5059 13507 1219 251 12539 1394 13682 7538 6514 14523 5051 13243 955 1723 14011 8908 13260 13260 4044 14284 14284 8652 12907 4715 11883 13931 5739 10606 13166 4974 1902 14190 5998 10734 14830 7662 8686 12782 5251 13187 4995 16259 10115 13955 13019 7899 1755 5851 10484 14580 15604 1268 11874 7778 2658 866 5218 6488 7512 13656 5422 9518 4398 8266 12362 14154 1866 9546 13642 1354 14480 11408 9360 5264 5264 5145 9241 9241 6169 14361 -1 -1 -1 -1
 -1 -1 -1 5169 817 9009 2865 15153 561 13969 5777 4753 657 851 9299 1107 10323 6227 6502 11622 12646 358 11241 15337 12265 13289 13289 14569 6546 7570 3474 1426 7218 15410 14386 2098 10236 1788 7932 13052 14019 5827 4035 3011 10435 15555 7363 4291 4347 5490 13682 8379 7355 14523 6331 9147 12219 7099 3003 10683 204 5068 1996 1996 6092 619 619 4715 4971 4971 875 5742 13934 1646 4718 12910 622 1006 13294 9198 3054 11246 494 9091 899 1923 14211 6019 987 9179 11227 15323 14811 2292 4340 244 9826 3682 6754 5720 10584 14680 15704 3416 11566 15662 4398 12590 74 10058 10570 11594 7498 1354 3216 15504 1168 13456 281 11033 6937 3865 10009 5913 10265 -1 -1 -1
 -1 -1 -1 305 13105 7985 16177 6961 12849 8753 7825 11921 9555 13651 13139 8019 10323 2131 14694 5990 4966 870 5865 14057 7913 4841 745 10642 14738 11666 15762 4498 1074 11314 10290 11058 4658 9980 12028 2812 7875 16067 8899 11203 14531 6339 8387 12483 195 5490 187 12475 15547 3259 9403 4027 8123 11195 2491 14779 12492 8396 11468 14540 6348 10347 14187 5995 12139 13163 10603 10603 9838 15982 15982 8814 14062 14062 5102 8174 8174 15342 5358 387 8579 11651 14723 219 13275 5083 16347 3035 3547 11739 9691 8436 13922 2648 9816 1624 14168 1880 8536 12632 6446 2350 8494 12590 10030 5166 6474 3402 7498 4426 8336 7312 1168 4377 12569 2841 7961 16153 14105 14105 1561 -1 -1 -1
 -1 -1 -1 12593 8497 7985 10033 1585 3633 11825 6801 2705 7507 3411 12115 16211 15187 595 10086 5990 16230 9062 12390 9961 16105 8937 13970 6034 14226 1938 8594 402 5170 4914 3890 6962 8754 11826 2610 11004 2755 707 13809 1521 5361 1265 4337 12529 241 5492 5447 4283 11451 1211 13499 14267 1979 8635 7611 6587 4300 3276 15564 2252 2155 14443 1899 3947 8043 8043 2411 6507 6507 3694 7790 8814 9966 1774 5102 12270 4078 7150 13550 1262 3459 15747 6531 4315 8411 6107 14299 8667 4571 1499 5595 10716 6744 10840 15960 3672 12120 8024 4952 344 10542 6958 7982 14126 5934 13358 1070 8522 8522 12618 12432 4240 1305 11545 7449 2329 7961 12057 1817 5657 13849 -1 -1 -1
 -1 -1 4401 3377 11569 2353 14129 13873 9777 6705 10801 14675 11603 4435 14163 10067 4691 8787 1638 12134 7014 5222 15462 2150 15081 6802 7826 1682 12178 8082 13202 9106 9010 13106 7986 12082 1586 7730 6706 14899 2545 15857 9713 15345 7153 11505 15601 8433 9588 13684 13639 1351 11591 4423 5307 10171 443 12731 15803 3515 9659 1228 9420 9420 7275 15467 3179 7019 15211 8555 7531 15723 9579 6766 14958 10990 16110 3822 4846 14318 10222 6382 15598 11502 1411 13699 9603 3291 15579 14555 6363 475 9261 11309 12333 2524 6620 600 12888 8792 15192 3928 9048 5208 11054 15150 16174 3886 5934 11310 7214 8238 4142 330 144 5401 13593 3353 15641 2329 13081 793 2585 11801 7705 9753 -1 -1
 -1 -1 1329 15665 7473 14641 10545 5681 4692 3668 6740 14496 1184 339 5971 13907 15955 2643 15974 614 2918 13414 1126 6246 10794 14994 11922 4754 7058 3986 5010 13458 306 8498 7986 1842 5938 5682 8755 15923 9779 12785 9201 8177 4081 6385 2289 6516 7540 1396 9543 3399 15687 12615 327 11079 5191 4539 11707 1467 13755 5324 13516 8299 12395 11371 13419 5227 11115 12651 4459 11627 13675 5483 2798 15086 6894 8942 13038 6126 10478 14574 7406 12526 12526 5507 5339 13531 7387 2267 2349 9005 13357 3117 7213 11740 15836 5596 1500 11096 2904 6232 9304 13400 14894 2606 12078 13102 4910 10286 3118 46 4142 4142 5577 5577 9497 3353 6425 10521 8985 6681 14873 3609 7705 4633 -1 -1
 -1 -1 13617 9521 6449 10324 6228 852 596 15956 9812 11424 3232 9376 672 8864 6739 10854 2662 9962 5866 490 8682 6634 2602 6698 5674 12946 11154 2962 7314 13458 4402 3378 11570 14642 10546 819 4659 1587 5683 8689 13297 12273 14321 6129 10481 14708 15732 3444 4468 6471 7495 8519 15175 15175 13383 1095 11335 4167 5563 5563 107 107 4203 11371 4536 440 9144 5304 1208 7352 12472 184 5566 13758 1470 446 12734 8638 2238 10430 2286 8430 238 238 5339 12589 8493 3373 10541 13101 4909 6189 14381 12764 476 9692 6108 220 14424 11352 15448 1112 11822 7726 1582 13102 2094 14382 6190 9666 13762 5570 185 13769 1481 3529 4553 457 1993 5321 10777 3609 8729 12825 -1 -1
 -1 -1 8276 12372 3156 14420 2132 13140 9044 1620 13908 12448 5024 11168 4768 16032 15008 10978 15082 16106 11242 3050 3562 9706 8746 15914 13866 1578 2194 14482 11410 3218 4242 3378 7474 6450 14387 4915 12083 6963 15155 8499 14065 7921 13041 753 11124 2420 11636 8564 372 10567 9031 8007 8007 6983 9287 15431 15431 12359 71 71 5560 5560 1464 3512 4536 12728 13240 9400 9400 15544 8376 1389 13677 9662 15806 15806 4542 14270 14526 14526 7358 9406 5310 5501 211 12589 4397 15661 11565 7981 16173 15149 2861 8668 11228 8156 14300 12508 8412 11352 12376 4184 11822 3630 13870 9774 10690 14786 6594 3522 1474 4281 12473 9673 7625 15817 8649 6089 14281 13513 1225 7369 201 8393 -1 -1
 -1 -1 1 84 7252 11348 1876 3924 12116 15188 5716 9120 13216 16288 1952 13984 3810 6882 8938 4842 9194 16362 10218 5610 554 4650 10026 14122 14634 2346 11410 8338 4242 13618 9522 3123 15411 11315 3891 7987 307 4403 12017 16113 8945 13940 2932 15220 8052 14196 1908 839 13127 4935 16199 10055 6215 6215 7239 8263 13685 1397 4134 38 9656 15800 11704 8632 952 4024 6328 14520 2232 7533 3437 4461 6590 3518 10174 14270 1982 11454 15550 1214 1214 5501 12499 8403 4397 1325 13613 14125 10029 557 8749 5852 7132 16348 4060 11484 15580 2268 88 4654 8750 8750 9922 5826 962 2498 7618 15810 11714 4281 3257 3257 2505 10697 10697 6089 10185 9417 11465 15561 4297 5400 -1 -1
 -1 4097 12289 8193 1108 13396 1876 14164 8020 6996 6484 416 928 6048 10144 5792 13026 7906 14050 746 13290 8170 2026 8426 2858 15146 16170 7978 10538 7466 5418 5418 146 5426 12339 12339 7219 9267 14131 10035 9523 15667 14643 15089 6772 15988 7796 12148 3956 10100 9332 5703 13895 4935 1863 14151 10311 14407 2119 7541 5493 9589 8230 38 38 2488 14776 6072 16312 16312 15288 10424 14701 2413 11629 12653 14782 2494 7102 16318 4030 190 8382 8382 9597 1405 4307 15571 3283 14547 5421 1581 9773 15917 4653 9948 7900 9180 5084 13532 3292 6364 10460 10946 15042 3778 16066 1730 13250 9154 8642 12738 4546 1209 15545 2233 2505 14793 7113 16329 4041 5065 2249 3273 9496 13592 1304 -1
 -1 4097 3073 11265 2049 5204 5972 14164 8532 10580 2388 4512 11680 2464 10656 994 9186 11234 15330 10722 13546 11498 234 4330 14378 6954 3882 4906 8490 15658 9514 13610 1322 242 51 4147 1075 1075 5171 1331 5427 2802 15090 10959 2676 4724 628 13172 4980 1140 13428 9799 9799 11847 4679 583 5959 2421 14709 7541 15733 3445 7206 15398 3110 6182 6584 10168 1976 11192 696 696 5997 1901 4973 365 365 11198 3006 12222 13246 958 4286 6525 15741 11645 1235 7379 11475 6355 11219 723 5677 7725 2605 11996 3804 732 988 13532 6593 9665 13761 143 2754 7874 11970 1986 12226 8130 3010 450 5305 9401 11449 6329 10425 11209 15305 3017 9161 13257 14537 6424 3352 15640 1304 -1
 -1 1025 15361 7169 14337 10241 6657 12628 12628 15700 11604 3488 15776 6560 6370 10466 5090 16354 3042 14818 6626 3306 7402 11306 15402 7210 9258 810 12586 4394 9564 9564 5468 5511 12530 12530 11506 14578 10482 11250 4850 16114 6898 2767 11983 9935 8820 2164 14452 15476 7284 8308 3655 15943 8775 583 10869 6005 6517 11637 11637 4469 1062 11302 10278 14374 8998 5816 14008 7864 12984 13933 10093 12141 8045 13165 5229 2750 10942 1726 1726 958 10621 14717 7549 12669 4477 13523 9427 3027 7123 4819 11987 2771 10797 2780 9921 14017 7105 14785 15809 15809 1473 4239 7311 8898 12994 1986 10178 4034 15298 11202 10169 14265 4025 953 9145 697 14025 7881 713 8905 10520 14616 7448 15640 4376 -1
 -1 13313 9217 9217 2817 15105 6657 2561 4436 1364 13652 1440 9632 8418 3298 11490 2018 10210 8674 3554 11746 6378 14570 12330 3114 1066 5162 604 6492 2396 7516 1372 1372 13703 1415 3314 15602 7410 3058 7154 7154 1778 9970 8911 7887 1743 11215 10703 6260 3188 116 8308 14919 2631 2677 2677 14965 14197 1909 885 8565 373 13350 9254 3878 806 13094 12838 9912 11960 2744 7789 3693 7021 3949 9325 13421 6846 11966 16062 14014 5757 893 9085 8061 8573 381 5331 13267 16339 12243 1747 16083 6867 14914 2753 16065 1729 15297 3009 7617 4545 1167 11407 15503 14479 706 6082 6338 3266 13506 5314 441 1977 16313 12217 4793 8889 9929 16073 4809 5656 1816 10008 2328 8472 12568 -1
 -1 4865 13057 769 12033 6913 10753 2561 11777 5633 5460 5536 226 12514 7394 1250 13538 6114 12770 7650 1506 5602 10474 42 1628 4700 12892 11100 15196 10588 11612 3420 9607 3463 11655 4487 13554 9458 5106 16370 10226 6130 5874 13007 9167 3023 7119 2511 6607 9679 9679 4212 10823 8821 7797 15989 6773 10101 16245 8053 13173 9077 10022 14118 3878 16166 4902 7718 3622 10936 14957 11885 12909 11117 15213 6253 15469 4205 702 3774 9853 13949 4989 12157 8061 15229 11133 467 979 8147 14291 10195 14035 8770 15938 9794 8897 4801 12225 8129 1985 12737 13455 9359 6287 10127 6031 10434 14530 15554 11458 4537 8633 8633 11193 7097 3769 11961 2745 15049 6680 9752 1560 5912 7960 792 8984 -1
 -1 257 8961 3841 16129 1793 8705 15873 7681 13825 1537 1537 226 4322 4322 1250 5346 11150 1678 9870 4750 12942 10977 13916 9820 15964 8796 2908 7004 3932 348 12636 6535 15751 7559 12679 5362 9202 13298 1010 2034 6130 10447 975 13263 16335 8143 3535 15823 1487 13775 8831 5575 12917 11893 11893 9845 7029 3957 3957 4981 6261 294 1830 7974 2854 11046 13862 11814 14882 14832 7664 1520 9712 10349 2157 11373 12397 12990 8894 3709 15997 11901 12157 3965 7037 13437 12755 12755 11731 2515 6099 578 12866 7746 13890 705 13249 961 4033 14273 10177 11151 7055 3983 14223 4751 12943 2242 7362 4290 11705 15801 2489 3001 5817 14009 7865 15033 10776 14872 15896 4632 12056 3864 4888 5144 -1
 -1 12545 8449 5889 5889 14081 12801 4609 7681 4105 9 4520 142 12430 11406 2190 14478 11150 5774 3726 16014 8846 2785 6881 3676 6748 2652 9052 16220 5980 14172 4444 10631 2439 8583 8583 11143 498 12786 8690 11762 14834 14543 6351 5071 1999 14287 12751 463 7631 639 12927 13767 1479 11719 1653 13941 15221 2933 8309 10357 14453 4390 8486 11558 2854 6950 5670 8738 15906 2544 15856 5616 14320 12528 8432 2288 10480 4798 10877 2685 7805 4733 14205 10109 3197 1149 1149 3539 15827 6611 10306 834 9026 2882 15170 11074 2241 10433 9409 13505 399 11151 2959 16271 12175 4751 16015 2703 8386 12482 13753 3513 6585 10681 714 13002 3786 15050 14871 6679 8728 12824 15128 11032 9240 13336 -1
 -1 7425 15617 10497 14593 9985 513 1033 7177 7177 8201 12712 12712 4238 3214 7310 6286 2958 7054 6798 14990 2702 3809 16097 9953 10844 860 13148 4956 10076 1884 92 903 9095 8071 15239 15239 5255 4594 4594 15858 7666 2255 15567 11471 9423 6095 8655 13951 9855 15999 4735 9671 15815 11719 12743 455 11125 117 8309 15477 11381 4390 3366 15654 14630 8226 802 4642 1570 13858 12784 11248 8176 2032 11504 3312 14576 5489 12873 8777 8829 637 6013 14461 3197 15485 4221 1491 9683 2114 14402 6210 3906 16194 6978 6466 14529 14529 15553 1217 4495 8591 2959 9103 5007 1679 3727 6799 10895 5561 8394 4298 2250 14538 970 4810 16074 11978 11799 7703 13847 536 6936 6168 3096 11288 -1
 -1 1281 11521 2305 14593 265 5129 13321 11273 15369 3081 8616 3496 3496 1166 13454 5006 16270 16270 10126 10894 13025 4833 7905 1761 5857 5212 13404 1116 4188 12380 6791 14983 4999 16263 3975 7047 9351 1159 1522 1522 9714 8399 15567 7375 13519 10367 6015 13951 5759 11903 10879 6599 15815 7623 8647 9159 5319 5319 4213 7285 9333 1318 13606 7462 34 12322 4898 12066 6946 2850 3056 7152 12272 5104 13552 9456 9585 1393 4681 7753 2633 10825 2377 10365 2173 8317 12413 5587 4162 4162 15426 9282 1858 10050 10562 10562 2370 3265 15553 7361 11663 15759 2447 13199 911 13967 9871 8405 12501 1403 12490 7370 15562 6346 5066 12234 1738 9930 4631 3607 5655 5911 279 2072 7192 11288 -1
 -1 13569 9473 4361 12553 12553 13065 8969 11273 14345 6153 1448 15784 14760 14760 5262 13198 910 1934 14222 6030 993 9185 12257 7137 15329 9697 9308 3164 15452 8284 10887 2695 3719 6023 1927 6279 3207 15495 4231 13810 5618 12495 4303 8319 2175 14463 14207 1919 12159 2687 14975 10695 2503 10183 967 13255 9415 13511 1223 1141 13429 5237 13606 9250 3106 11298 1826 16162 11042 12578 14064 1776 4848 1008 5360 6513 15729 11633 11849 15945 6729 14153 5961 14665 3401 9545 5449 8258 8258 66 7234 13378 5954 14146 8514 15682 7490 8385 12481 1423 1423 3471 6543 10639 9429 9429 5333 3285 213 5499 9595 1226 13514 6090 4042 16330 15306 5834 8727 11031 10007 14103 12567 8471 8216 12312 -1
 -1 5385 1289 3337 11529 8457 4873 3849 2825 14345 2057 13736 9640 10664 10152 5288 398 8590 7566 14734 5345 5345 5089 16353 8161 11233 13793 5601 6236 14428 2140 7815 16007 5767 13959 10119 14471 2183 7303 12423 135 5618 207 12415 8319 15487 3199 10111 16255 12159 13183 895 10695 1991 10183 16327 4039 9415 11463 15559 4295 199 5237 1058 13346 5154 2082 14370 14114 9506 15650 3362 12016 8944 752 7025 2417 7537 12657 1609 9801 6985 10057 1865 7497 15689 1353 5449 212 13694 5502 4478 382 5186 322 4418 3394 9538 13634 193 5519 13711 9615 4565 12757 981 9173 1237 15573 2261 3451 15739 4475 5322 10186 1994 11210 14794 10698 2839 15127 16151 7959 11543 15639 2327 10519 -1
 -1 5385 9481 7433 11529 2313 7945 12041 15113 11017 11176 15272 7080 8104 14248 5288 1192 4494 15758 3470 9441 1249 1249 2017 10209 10721 15841 3553 8673 10332 647 12935 11911 9863 1671 10375 5330 1234 7378 4306 210 5239 5585 12415 4223 11391 9343 7039 15231 8063 9087 10623 5831 14023 6087 12231 11207 6343 6343 3271 8391 199 118 36 12324 8228 2084 10276 1314 13602 11554 14626 15088 6769 9841 11121 2929 1905 12657 369 11081 6985 16201 12105 8521 4425 11593 4308 8404 1406 15742 7550 12670 11134 6270 2174 7294 9342 5246 1346 1493 13781 9685 3541 8661 5077 9173 3029 14549 2261 14715 7547 8571 379 458 12746 7626 14794 9239 1047 6935 8983 4887 1303 3351 6423 10519 -1
 -1 12298 8202 6409 14601 10505 14089 9993 4617 12809 5800 2984 12200 16296 6056 9384 1192 1422 1422 9614 3297 15585 4321 2017 6113 14817 6625 481 12769 4577 5586 13778 7634 4562 12754 9170 13522 13522 15570 8402 8402 5239 13777 13777 3537 4561 13439 11135 15231 8575 7551 6527 9927 14023 11975 4807 15303 10439 14535 1142 4214 12406 118 12543 4132 15396 15396 6180 15140 12836 11812 14884 10752 2673 15985 8817 12145 3953 14193 5233 11081 2889 8009 13129 329 12617 1236 15572 11476 6526 14718 7550 2942 15230 10366 11390 15486 13438 5246 5568 75 13781 7637 15829 10709 8149 16341 15317 11221 10619 13179 9083 2939 15227 13435 4554 11722 3530 11287 15383 4119 4119 791 13591 9495 9475 13571 -1
 -1 7178 3082 2058 10250 10505 5641 1545 15881 8713 9896 1704 9128 13224 5032 11432 15528 4264 5518 10465 14561 7393 8417 225 6113 5690 1594 11834 12858 570 10312 9682 15826 3538 8658 13266 5074 11474 15570 3282 9335 13431 1143 7633 15825 12753 465 10193 383 12671 15743 3455 6855 3783 16071 12999 711 5238 5238 13430 15478 3190 8447 12543 255 1060 9252 3876 16164 12068 1572 9764 3584 11776 625 4721 13169 3953 9329 13425 14409 10313 9289 9033 9033 5332 9428 7380 14548 14548 14718 9086 8062 3966 6014 11390 3198 1150 9664 13760 12363 8267 2517 2517 14805 14293 10197 4821 13013 5755 13179 12155 3963 7035 9339 11387 1482 13770 6167 3095 8215 23 23 10499 14595 7427 3331 -1
 -1 7178 11274 6154 10250 2826 522 9737 7689 2569 11944 16040 4776 936 10408 2216 3240 12456 168 10465 14394 6202 9274 13370 826 13882 9786 15930 8762 2120 6216 6216 6610 2514 2002 8146 4050 3026 14546 2167 7287 15479 4215 6609 11729 8657 14289 10193 13521 1233 1407 13695 6855 15047 7879 2422 14710 6006 14198 9334 11382 10358 5375 15615 11519 6399 5156 13092 7972 14116 1828 8704 512 9728 1536 9073 2161 10353 15473 1137 6217 15433 13385 13385 468 9172 5076 11220 11220 10452 894 13182 12158 10110 14206 12414 4222 3520 3520 1472 4171 15435 2123 14411 6613 6101 1749 3797 8917 9851 1659 1915 14203 6267 15483 7291 12411 5578 10263 2071 2563 14851 10755 14083 2307 11523 3331 -1
 -1 13322 9226 6922 15114 11018 12810 11786 6665 10761 15016 3752 12968 680 10655 6559 7583 9631 5535 96 14394 15418 15418 1082 4922 9018 3642 6714 2618 7240 15432 1096 1096 10706 14290 10194 7122 15314 10450 6263 10359 11383 12407 10705 2513 7121 16337 6097 9425 7377 4305 209 10951 10951 8566 7542 6518 10102 1910 3958 2166 14454 13567 1279 10495 14591 11263 1316 9508 292 8484 3072 15360 8192 14336 5376 6257 6257 15473 4209 73 3145 1097 4564 12756 980 16340 4052 15316 724 5758 13950 3710 4734 1918 126 14784 14784 15808 11712 1099 15435 3147 14411 6987 587 9941 7893 2773 11899 15995 12923 6011 10363 2171 8315 14806 10710 515 12803 15875 6659 9987 14083 7939 8451 12547 -1
 -1 5130 4874 3850 12042 11018 3594 15882 14858 10919 15007 7839 13983 5791 7071 2463 15775 3487 4192 12384 8288 7226 4154 1850 7994 3898 11066 14906 10810 12360 11336 5192 9288 10706 9938 5842 4818 13010 375 6007 1911 4983 13175 887 11217 3025 12241 5073 6353 3281 8401 209 5832 374 4470 15734 3446 8054 16246 16246 13174 9078 9471 9215 4095 15359 4863 767 11556 15652 4388 14080 7168 16384 4096 9472 1280 4352 8305 12401 12361 8265 1492 3540 11732 980 8148 12244 3028 13012 8916 7806 15998 12926 638 11200 11200 2496 8640 12736 13387 9291 9291 11083 15179 12875 11851 2635 10965 14971 3707 9942 5846 8662 12758 7638 14806 9839 13935 4611 11779 9731 6915 16131 7939 13059 259 -1
 -1 8970 13066 7946 7946 9994 13834 9738 2727 6823 2719 16031 3743 11167 2975 2463 11679 4511 11360 15456 7264 8250 12346 14138 10042 12090 15162 6970 72 14152 1864 4936 13128 584 14034 1746 16082 8914 12663 8567 8055 16247 9079 12919 14033 1745 9169 13265 14545 2257 7599 13743 9928 14024 1736 1398 13686 7030 2934 12150 2678 10870 5631 5119 16383 12287 8959 12031 2815 14628 6912 16128 4864 13312 1024 11520 15616 4352 4352 113 4169 5588 1492 15828 15828 10708 14292 10196 1748 16084 11988 6782 2686 8830 14016 1728 15296 8128 1984 448 5195 9035 4939 16203 12107 3659 15947 6731 10938 15062 11990 14038 11222 15318 470 15830 3542 9839 15983 7791 1539 13827 15107 2819 3843 8963 10243 -1
 -1 12554 8458 11530 1802 5898 5642 8871 3751 11943 9895 12959 4767 12191 16287 1951 12703 12703 1120 3168 6240 14432 58 5946 10042 3386 6458 2362 8520 14152 8008 16200 9032 4680 8776 7890 6866 1399 7543 3447 2935 11127 7799 3703 9937 16081 13009 721 2479 14767 15791 3503 9928 11976 7880 4808 5494 11126 8822 7798 2678 6774 13823 1535 2047 14335 5887 7935 6911 10991 15104 12032 13056 768 2304 6400 3328 8448 256 256 4169 5588 13780 9684 2516 14804 6100 5844 14036 7892 15060 10878 15040 11968 7872 1728 12224 16320 14272 10176 331 9035 843 8011 10059 1611 9803 3770 15034 2774 3798 7894 12246 8150 10198 1494 9686 6767 15983 8815 12911 5635 11011 8195 7171 2051 14339 -1
 -1 4362 15626 11530 14602 10506 935 12967 4775 1703 13991 671 13215 927 3999 14239 10143 5216 13408 9312 11104 15200 7008 4410 12602 3386 11578 10554 12616 4424 8008 11080 1608 7752 3656 2632 15058 13687 11639 6519 10615 9847 13943 11895 2679 2769 1711 13999 14255 1967 11695 12719 6856 6856 3784 8904 10184 5576 12918 11894 15990 3702 3583 15871 4607 6143 9983 8943 3823 6895 2743 11959 14007 11191 6583 2487 7607 9655 5559 5559 5504 191 12479 8383 2239 14527 10431 703 8895 11967 15039 10806 2752 3776 3776 4800 9152 4032 6080 13504 5312 12619 8523 1867 14155 5707 698 8890 16058 9914 13014 4822 9174 4054 14294 6102 5590 14959 2671 8815 14191 10095 3 12291 7171 15363 6147 -1
 -1 9482 3338 7434 6410 14503 935 13223 12199 2983 11175 6567 2207 10399 9375 9375 5279 2400 13152 4960 3936 2912 6752 10848 8506 7482 9530 5448 3400 11592 2376 15176 13896 9800 6728 14920 10824 141 8333 2189 10381 6029 12941 7821 10893 10927 16047 3759 10159 8111 5039 4527 10952 15048 7112 1992 14280 13768 1480 11894 1654 9846 14847 7679 8703 10479 7151 13039 7919 12015 4791 7863 9911 15287 7095 11703 15799 1463 1463 5356 5504 5504 4287 15551 15551 6335 14271 14271 4799 16063 7871 2614 6710 9782 12992 704 13248 6336 11456 13504 1216 4427 11595 2379 10571 10426 954 4794 1722 14010 5818 982 5078 4054 2006 10454 10351 2927 11119 8047 14191 9583 13679 4099 11267 3075 9219 -1
 -1 9482 13578 5386 3239 14503 6311 5031 16295 7079 15271 6567 14495 14495 11423 13471 1183 14688 864 8032 16224 12128 3680 11872 9824 1338 13626 13640 1352 6472 14664 10568 718 8910 3790 15054 208 4237 4237 15501 6285 14221 4749 16013 6797 6539 687 12975 7087 4015 9135 943 2248 11208 15304 16328 12232 3528 15816 4552 12744 5750 10751 8431 7407 14575 11247 3055 6127 14063 8887 12983 9143 16311 8119 8631 4535 1463 9452 13548 9600 1408 4287 11455 3263 3263 1983 12223 5055 1727 9919 8758 15926 13878 5686 5686 10432 14528 15552 7360 7360 3403 15691 6475 6475 14522 13242 9146 12218 15290 11194 8406 12502 11478 2262 14550 14447 7023 12143 16239 3951 9583 15727 11631 1027 13315 9219 -1
 -1 -1 1290 8359 3239 15527 11431 6055 8103 8103 10663 14759 2471 3231 15519 7327 6496 14688 11616 5984 14176 1888 8800 7776 13920 5728 5434 9544 8398 3278 14542 10446 974 4814 16078 11982 4304 8400 1165 13453 7053 16269 5005 13965 4491 15755 13707 4783 11183 2991 9391 13487 2248 10440 3016 5064 968 6600 7624 8648 456 10279 239 12527 15599 3311 4079 16367 14319 14319 10735 951 5047 4023 14263 439 4535 2284 15596 3308 9600 15744 3456 1215 13503 7103 4031 16319 5055 5823 5823 12854 4662 1590 15158 11062 14646 2240 3264 8384 4288 1355 9547 9547 2234 6330 5050 4026 8122 7098 2490 6586 214 3286 7382 2159 2159 6255 879 879 9071 6511 15727 15727 12655 5123 -1 -1
 -1 -1 167 12455 4263 7335 13479 14247 14247 8615 11687 15783 7591 159 12447 8351 8544 15712 11616 9568 10080 608 12896 4704 2651 14939 5260 206 12494 15566 11470 5070 9166 12238 1742 9934 5328 15568 14544 5261 15245 2957 9101 909 8587 11147 1931 10123 2223 14511 15535 1199 6344 11464 11464 5064 9160 10696 2504 7207 14375 6183 13744 1456 1263 13551 5103 1007 8175 2543 14831 14519 6327 9399 5303 439 6380 10476 11500 4332 2432 15744 8576 12672 5311 11199 3007 8127 9151 959 822 822 9014 12086 6966 6966 14646 7478 9526 8384 192 5451 13643 8378 3258 15546 9402 1978 10170 8634 3514 11706 9658 5334 1238 8303 15471 15471 5231 4975 4975 14703 2415 8559 8559 367 -1 -1
 -1 -1 5387 1291 1291 4363 5287 5287 423 12711 4519 3495 13735 13735 4255 352 12640 7520 1376 13664 5472 603 12891 8795 7771 6747 9356 1164 4302 7374 9422 6094 16334 7118 3022 5838 13520 1232 3024 11216 1421 9613 12685 5771 1675 12171 3979 6027 13451 6319 11439 4271 8392 15560 1224 13512 5320 39 12327 15399 3111 6183 3504 11696 4528 5359 9199 12783 8687 11759 6639 3255 15543 1207 13495 492 13292 5100 3052 236 14720 10624 1920 14208 10112 447 8639 7615 2495 14783 10294 4918 4918 16182 7990 8502 11574 15670 9526 13622 192 5451 186 12474 7354 7354 13498 6074 6074 12730 7610 7610 13754 9430 9430 12399 4207 9327 13423 1135 10607 555 8747 7723 2603 14891 -1 -1
 -1 -1 9483 3339 11531 12555 12555 11019 5131 1035 1035 1447 1447 5543 4255 352 12640 8283 3163 6235 2139 10075 4699 11867 15963 3675 3212 15500 11404 1230 5326 14286 1998 11214 10702 5584 13264 4048 12240 8912 720 11661 2445 11915 7819 9099 5003 6283 15499 4235 8367 12463 12488 4296 1224 2343 10535 14119 1831 11303 13351 9255 6576 7600 8624 11184 5296 495 4591 3567 9711 8375 4279 7351 4588 8684 1004 16364 15340 11244 11136 15232 8064 14208 5248 13440 4543 15807 3519 6591 2102 6198 9270 5942 14134 8502 12598 3382 1334 5430 165 5441 149 8341 8341 2197 13498 5306 442 12730 4538 1466 1466 661 4139 4139 43 11307 2091 10283 6955 12843 12843 15915 3627 6699 -1 -1
 -1 -1 6411 3339 7435 8459 2827 15115 9227 13323 11275 4107 12299 11 12 91 12379 12379 3163 11355 10331 1883 5979 1627 1627 9819 6284 7308 8332 12428 140 462 8654 7630 14798 13776 1488 8144 10192 5840 16080 15056 10637 2699 8843 12939 907 14475 3211 8331 139 175 200 8487 7463 15655 6439 10023 12071 4903 5159 5159 14768 9136 8112 15280 9392 13488 11440 1519 13807 183 12471 1516 15852 11756 2028 10220 4844 13036 13952 2944 16256 3968 9344 1152 1152 11711 9663 9663 3126 15414 9270 13366 10038 310 4406 1189 4261 12453 165 5441 12437 12437 11413 11413 14485 10389 11157 13973 9877 11925 12949 661 10929 12331 8235 15403 6187 6187 15147 2859 4651 11819 3627 9771 -1 -1
 -1 -1 -1 14603 2315 8971 7947 6923 6923 3083 15371 7179 8203 12 12 5547 1451 4187 7259 11355 7003 3931 16219 4955 859 5723 14476 2188 2956 15244 11148 5772 4558 15822 3534 3536 15824 4560 14288 9936 1744 2620 14908 6861 9933 5837 10701 14797 6605 9677 5581 59 5605 12583 11559 15655 9511 6951 7975 8999 807 10791 944 13232 16304 4016 3248 3248 11440 12464 176 183 5612 13804 7660 6636 10732 5868 3820 12012 11904 4736 13184 4992 11392 15488 4224 1471 13759 8246 12342 7222 1078 5174 421 5285 13477 1189 15525 8357 9537 13633 1345 4245 3221 7317 6293 2965 15253 5781 3733 16021 8853 2737 15025 6833 3115 3115 7211 3883 3883 12075 5931 1579 13867 -1 -1 -1
 -1 -1 -1 10507 13067 8971 16139 3851 1803 6155 2059 2059 4108 12300 8204 9643 1451 3499 1115 13403 7003 15195 8027 9051 859 5516 908 13196 8076 7052 9868 13964 11916 1486 13774 6608 7632 8656 464 572 12860 15932 11836 3789 7885 3021 15309 2509 15821 1485 1485 59 13797 1509 3557 1319 13607 15143 2855 7719 14887 14887 14000 1712 1968 14256 6320 2224 7344 8368 115 5573 70 8262 3142 2118 10310 582 8774 14918 2688 8832 640 10368 2176 3200 12416 128 5567 54 4150 4150 4517 12709 421 14245 9381 11429 15525 3237 7489 7489 3393 4417 1173 9365 5013 3989 12181 12181 6805 14997 2709 3761 16049 11953 9905 13355 1067 9003 16171 16171 14123 1835 5675 -1 -1 -1
 -1 -1 -1 5643 779 4875 12043 5899 14091 10251 14347 1036 7180 15372 8204 7595 15787 3499 12715 5211 11099 15195 8539 2395 14683 5516 13708 5004 12172 10124 6796 16012 11916 12940 5582 10704 8252 2108 14396 15164 2876 1596 13884 13005 4813 12237 8141 8653 8653 3533 4155 8251 9701 7653 3557 12773 485 551 12839 7719 3623 6695 3760 11952 4784 6064 10416 2224 1139 4211 12403 13765 1477 4166 15430 6214 4934 9030 7750 11846 16107 14059 6123 10731 6635 9707 9707 5611 128 5541 13733 1445 3493 8613 1957 1957 4005 5029 14501 2213 6465 15681 11585 12609 5269 5269 13205 16277 16277 10133 10133 10901 12977 12977 7857 1713 14001 9259 811 13099 4907 7979 10027 1835 10539 -1 -1 -1
 -1 -1 -1 -1 13835 1547 11787 4619 9995 9995 5132 13324 11276 15372 6156 6571 11691 11691 8619 9131 5291 347 12635 15707 3419 9612 1420 11660 1932 14220 14988 2700 7820 8844 10856 60 12348 15420 3132 11068 16188 1852 10044 973 13261 4045 6093 14285 12749 1083 7227 3131 6203 6629 11749 8677 13285 5349 1253 11815 1575 9767 15024 7856 8880 8563 6003 13427 11379 15475 8307 9669 1477 1094 1094 9286 3910 12102 1606 13894 13035 10219 14315 2539 11755 15851 13803 5611 5452 227 9637 9637 7589 11685 7077 8101 16293 13221 933 10561 14657 2369 8513 12609 321 9109 9109 917 8085 1941 6037 10901 689 4785 4785 1713 13233 945 4395 4395 299 11563 2347 14635 -1 -1 -1 -1
 -1 -1 -1 -1 9739 15883 15883 12811 523 268 5900 1804 9228 10252 14348 10667 2475 10155 939 13227 13483 1195 4443 11611 9563 6540 15756 7564 12684 396 10892 8808 7784 2664 6760 13723 1435 1084 13372 4924 828 5948 2364 10556 14541 10445 9421 10189 5179 13371 9275 10299 14395 14821 10213 8165 5093 9445 15589 4325 12517 5671 10928 9587 7539 12659 14195 1907 11379 14451 10355 3525 15813 4549 13382 14150 14150 8006 15174 5702 11243 7147 16363 5099 11755 3563 1515 13644 13644 12515 8419 3299 6565 14757 15269 2981 12197 9125 677 5697 14145 1857 8001 13121 9025 5185 12693 8597 11669 2453 10645 10417 6065 14257 12209 12209 13233 945 10673 8491 8491 15659 7467 6443 -1 -1 -1 -1
 -1 -1 -1 -1 6667 3595 7691 8715 4364 12556 9996 1804 3852 13068 780 10667 14251 10155 16299 4011 9387 15531 11435 1371 13659 14732 2444 8588 2152 10344 5992 12904 11880 15976 3688 3483 11675 4507 5180 9020 828 8508 2364 6460 6349 15565 13517 5325 315 13115 3899 6971 2875 2021 14309 12261 4069 6373 15589 8421 12517 10746 1395 5491 15731 3443 8051 16243 4979 6259 10693 14789 7621 8645 453 10054 1862 11590 2374 10566 14571 3051 9195 13291 12779 4587 11596 11596 1356 4323 15587 3299 14563 10661 11173 13989 7845 4773 8869 13889 10049 12097 16193 4929 9281 13377 4501 3477 15765 6549 6549 14513 6321 10161 4017 16305 9137 2481 14769 6577 3371 3371 7467 1323 -1 -1 -1 -1
 -1 -1 -1 -1 -1 14859 2571 9484 7436 3340 9996 7948 12044 8972 524 5803 13995 6059 12203 11179 6315 15531 7339 12459 171 10636 12392 7272 2152 6248 14184 1896 1640 13928 9832 6555 7579 8603 411 5275 12604 4412 15676 9532 205 7373 1229 4411 8507 827 16187 11067 12859 5861 1765 4837 15333 10469 2277 8698 2554 6650 13433 1145 2419 14707 15219 12147 9075 883 3013 15301 8133 1989 10181 5317 12614 11590 7494 6379 14571 11499 9451 1003 491 14668 11596 15692 7500 1251 15587 11491 10467 995 739 9893 11941 3749 9793 7745 3649 6977 15169 2881 7233 3137 3137 3477 15765 7573 2225 2225 3249 9393 7089 2993 2993 7601 15793 3505 9649 5419 13611 -1 -1 -1 -1 -1
 -1 -1 -1 -1 -1 10763 1292 13580 15628 3340 10508 15116 11020 7692 12812 8716 13995 7851 4779 15275 14507 2219 8363 2399 10591 5343 4200 11368 15464 3176 3944 16232 4968 5736 5736 14747 9115 2971 15259 13467 1179 4412 1340 13628 12493 12493 1339 15675 11579 1851 14139 1595 3643 8763 12005 3813 13029 9978 506 4602 15866 3578 3193 11385 12409 6515 11123 5747 627 12915 5829 7109 16325 4037 6085 13509 4422 3398 7494 8427 3307 7403 13547 2636 11084 2380 2380 8524 12620 13539 9443 6115 5091 13283 13027 8931 2787 15013 14913 11841 12865 12865 11073 14401 15425 15425 4161 1429 13717 9621 8369 15537 15537 9393 7089 15281 8625 12721 11697 11697 13745 5553 9515 -1 -1 -1 -1 -1
 -1 -1 -1 -1 -1 4109 4109 5388 11532 2316 6412 6924 13836 7692 15884 2572 11947 3755 12971 683 351 12639 7519 7519 6495 13535 1247 1128 13416 9320 7016 8040 9064 872 5787 923 13211 16283 3995 9371 3227 11419 4251 5436 4301 5435 13627 7483 6459 14651 5947 13883 7739 14907 15077 2789 1786 14074 14330 4602 1530 9722 14457 7289 11129 7033 633 1651 15987 4723 9925 7877 965 9157 11461 15557 7365 1350 13638 8427 12523 7403 6732 14924 15180 15180 8012 1868 332 5347 14307 6115 16355 12259 7907 16099 15075 10979 14820 6628 9700 5604 5348 2113 6209 8257 12353 65 5525 177 12465 4273 11441 13489 5297 11185 433 12721 4529 1457 1457 112 112 -1 -1 -1 -1 -1
 -1 -1 -1 -1 -1 -1 12301 13 11277 2061 10253 525 9740 1548 6668 14860 15019 2731 1631 9823 5983 4447 11615 15711 3423 3295 15583 4319 223 5224 15208 8552 2408 14696 5787 13979 5019 12187 10139 6299 3227 7323 12443 155 5423 230 12518 8422 2278 10470 5094 13030 3814 15078 10950 15098 16122 3834 12282 8186 13306 5626 889 9081 11129 2937 12921 11897 14963 6853 16069 4805 4805 5061 14533 3269 8389 12485 5446 235 12523 8780 3660 11852 2892 12108 16204 14156 10060 483 10211 2019 8163 3043 1763 9955 2199 14487 2532 15844 1508 9188 5092 13540 7396 4324 12516 228 5525 177 1392 1392 4464 4464 368 11120 5232 13424 1136 11376 12400 12400 -1 -1 -1 -1 -1 -1
 -1 -1 -1 -1 -1 -1 8205 3085 15373 6157 11021 6925 12813 11789 2573 10765 10847 6751 15967 5727 10079 1887 1375 13663 9567 6367 7391 8415 223 5855 360 12648 15720 3432 9883 3739 11931 4763 14235 10395 2203 2203 9519 13615 4186 4186 12518 15590 15590 6374 13286 4838 16102 6886 2758 6854 762 8954 15354 4090 2298 10490 889 4985 16249 10105 3705 6777 10873 10949 2757 8901 709 10437 2245 2245 8389 197 5431 588 588 4684 7756 11852 9804 4940 3916 5964 13388 5196 12771 8675 2531 11235 5859 12439 3223 11415 1175 12772 4580 8164 996 11492 15588 3300 12516 178 5413 5488 13680 1392 7536 8560 8560 15216 15216 9328 3184 15472 7280 8304 -1 -1 -1 -1 -1 -1
 -1 -1 -1 -1 -1 -1 -1 1037 9229 7181 11021 2829 4621 3597 7693 2732 6828 2655 15967 8799 3935 16223 4959 863 5471 14559 9183 3039 15327 14047 14047 4456 11624 9576 6811 16027 7835 12955 667 2351 14639 10543 7471 1327 8282 12378 4326 7398 11494 4070 4070 12262 1766 9958 3782 7878 14022 4858 250 8442 2298 6394 13689 11641 1913 14201 13945 9849 15097 2615 7735 13879 5687 5943 14647 7479 9527 13623 148 300 12588 8492 1612 13900 5708 13132 10316 3148 13388 1100 3555 15843 14819 10723 919 919 4247 5271 9367 484 14308 16356 3044 10468 6372 3300 4274 12466 13605 13605 9584 11632 15728 3440 2928 2928 7024 3952 6256 6256 2160 -1 -1 -1 -1 -1 -1 -1
 -1 -1 -1 -1 -1 -1 -1 13325 13325 8973 3853 12045 9997 1549 9741 3756 16044 5804 12895 12895 15199 8031 9055 863 479 991 13279 16351 12255 9951 3807 11999 4831 5480 10907 2715 2715 2607 10799 5935 6447 6447 15663 3375 3162 15450 11354 1254 13542 6118 8166 11238 3046 8902 12998 710 3014 11206 250 4346 15610 9466 3449 15737 12665 6009 761 8953 16121 9977 11831 3639 10039 1847 2359 15671 3383 1335 12436 8340 4396 3372 6444 14636 5708 2124 14412 15436 15436 4172 1507 7651 6627 4503 12695 13207 3991 15255 2967 9956 5860 7140 15332 2276 5298 1202 15538 8370 9509 9509 3365 6512 6512 2416 9072 8048 16240 10096 10096 14448 14448 -1 -1 -1 -1 -1 -1 -1
 -1 -1 -1 -1 -1 -1 -1 -1 781 13069 4877 1805 14093 5645 684 12972 7852 13996 1708 11103 11103 8287 2143 14431 479 12767 5087 8159 10207 6879 16095 7903 13023 735 559 12847 8751 15919 6703 10031 1839 4911 303 8495 5210 7258 10330 14426 5350 10214 2022 2534 14822 5318 13254 8134 4038 9670 1478 4550 13562 9466 14713 7545 2297 10489 15353 4857 1785 14073 12855 6967 12087 7991 823 12599 4407 3220 15508 8340 7468 15660 10540 10540 9004 5164 1068 6220 8268 12364 13795 9699 1431 3479 11671 8087 16279 11159 12951 8855 7908 3812 13028 1458 5298 9394 11442 2226 6437 15653 15653 12581 10608 10608 13168 4976 12144 1904 14192 6000 -1 -1 -1 -1 -1 -1 -1 -1
 -1 -1 -1 -1 -1 -1 -1 -1 269 12557 8461 2317 14605 10509 940 9132 9132 2988 11180 6572 12383 12383 15455 6239 4575 12767 11743 6623 14303 10975 2783 8277 2133 14421 5600 4655 11823 15919 9775 3887 16175 4911 13103 4399 13402 1114 2906 15194 11098 486 12774 15846 6630 9414 1222 12230 10182 6598 15814 8646 454 10617 249 8441 7417 6393 11257 12281 2041 5881 11063 15159 3895 4919 13111 311 1172 1172 15508 2196 1324 9516 9516 812 13100 9260 1068 7212 4140 76 5603 5527 13719 7575 10647 10647 14231 1687 16023 2711 15076 12004 5554 9650 15282 4018 6322 14514 14629 2341 8485 8485 293 5744 5744 1648 11888 4720 12912 624 -1 -1 -1 -1 -1 -1 -1 -1
 -1 -1 -1 -1 -1 -1 -1 -1 -1 4365 15629 15629 6413 14508 10412 5036 16300 8108 7084 14764 2476 4191 11359 9311 1503 15839 7647 14815 2527 85 12373 8277 15445 6229 9696 11744 4576 1583 13871 15151 7983 9007 815 10287 858 13146 3930 7002 9818 1626 4582 11750 9702 3270 15558 4294 6086 10694 2502 8646 14904 5766 5766 4345 15609 9465 4089 8185 6137 6649 2103 10295 10295 4919 9015 311 5268 9364 7316 14484 5420 5420 1836 16172 3884 11308 15404 15404 12332 44 5352 5527 9623 9623 2455 6551 5783 13975 11927 14999 10674 14770 15794 434 8114 12210 14258 6066 6949 2853 7973 14117 1829 10277 13936 13936 15984 7792 8816 -1 -1 -1 -1 -1 -1 -1 -1 -1
 -1 -1 -1 -1 -1 -1 -1 -1 -1 4365 3341 7437 6413 2220 6316 5036 4012 8108 8620 3500 11692 5548 1119 13407 13791 9695 7647 2389 14677 5973 1877 11349 11349 9301 3552 15840 12768 480 5679 11055 8239 2095 14383 4442 12634 4954 8026 12122 3674 15962 4698 1510 5606 14534 7366 8390 10296 568 12856 7736 6712 9862 1670 11910 1273 13561 13305 1017 10745 14841 2553 6199 7223 13367 5175 404 13204 5012 2964 15252 11156 5932 10028 12076 15148 6188 14380 3116 9448 5352 5528 124 12412 3196 2172 10364 9084 12924 11900 6780 15014 6822 12722 13234 5042 1970 12978 9765 9765 11045 16165 3877 2085 14373 6181 3696 3696 7792 8816 -1 -1 -1 -1 -1 -1 -1 -1 -1
 -1 -1 -1 -1 -1 -1 -1 -1 -1 -1 1293 13581 8364 3244 15532 9388 6060 14252 8620 3500 7596 13740 1452 5215 5599 8533 8533 7509 6485 10069 12117 4949 1109 5205 14816 2528 8672 9184 5344 47 12335 15407 3119 8538 12634 11610 1882 14170 6746 7770 8794 602 10438 56 8248 2104 14392 14136 4664 11832 9784 6790 16006 16006 12934 5369 505 12793 11769 7673 7673 11319 15415 1079 4500 12692 916 16276 16276 15252 660 13868 9772 4652 15148 10284 10284 6376 7400 1256 9624 1432 4220 15484 11388 892 4988 4732 3708 9852 16038 13990 5798 5810 14002 3762 11954 1573 5669 8997 8997 4901 7205 15397 3109 9253 14960 2672 -1 -1 -1 -1 -1 -1 -1 -1 -1 -1
 -1 -1 -1 -1 -1 -1 -1 -1 -1 -1 -1 5389 12460 4268 7340 13484 5292 10156 428 4524 7596 9644 1452 5 341 341 4437 11605 9557 6997 16213 9045 13141 853 2016 10208 8160 13280 9440 13536 4143 11311 9263 1370 15706 15706 14682 5978 10842 8440 7416 14584 5555 1459 4152 15416 3128 3896 12088 4920 13880 14982 2694 7814 2950 11142 5510 4601 3577 3577 5625 55 8247 1428 3476 11668 8084 8084 12180 4756 12948 5676 15916 8748 556 2024 10472 2280 15592 3304 7576 3480 4504 1148 9340 3964 16252 2940 5756 12966 4774 7078 15270 12710 4518 6834 2738 6693 15909 12837 805 37 12325 11301 1061 13349 10864 -1 -1 -1 -1 -1 -1 -1 -1 -1 -1 -1
 -1 -1 -1 -1 -1 -1 -1 -1 -1 -1 -1 5381 5381 1285 11525 4357 261 11013 5125 1029 11269 4101 12293 4252 5479 13671 1383 1365 13653 11093 2901 9813 597 8789 14048 6112 12256 4064 11488 15584 7392 1071 13359 13658 9562 7514 2552 10744 6136 12536 15608 3320 9651 11699 4531 13368 9272 6968 7992 13112 824 10886 13190 8070 2950 7046 13702 1414 4486 9721 13817 4151 12343 1428 15764 15764 2452 14228 10132 3732 16020 2708 14892 8748 13800 1512 14312 10216 8424 4328 2456 11672 12696 408 10108 14204 8060 7036 11132 934 13222 16294 11174 422 3494 14758 10789 2597 4645 8741 5654 10518 6422 6422 5398 1302 1302 -1 -1 -1 -1 -1 -1 -1 -1 -1 -1 -1
 -1 -1 -1 -1 -1 -1 -1 -1 -1 -1 -1 -1 13573 13573 15621 8453 8453 15109 6917 9221 15365 7173 8197 12444 156 9575 15719 4455 359 359 1621 13909 15957 4693 7904 3808 3040 15328 6368 3296 8416 12512 5167 5466 8696 8696 2552 6648 14328 2040 1272 9464 6579 15795 12723 435 11064 15160 8504 2360 10552 5254 4998 12166 16262 3974 11654 15750 4486 12678 1529 4151 5524 13716 9620 6548 14740 6036 5780 9876 6804 10900 10728 6632 3560 6120 16360 8168 13288 232 14744 10648 1944 10136 380 12668 11644 2428 14716 14502 5030 4006 1958 9638 11686 2581 14869 14870 11798 13846 11030 14614 14614 11542 13590 13590 -1 -1 -1 -1 -1 -1 -1 -1 -1 -1 -1 -1
 -1 -1 -1 -1 -1 -1 -1 -1 -1 -1 -1 -1 -1 3333 15621 7429 2821 2821 3845 6149 6149 2053 7324 7324 3228 2407 15719 11623 2919 11111 12391 103 6741 2645 2784 8928 736 7136 14560 2272 8416 436 436 504 12792 4600 15864 11768 4088 16376 13304 5368 10675 2483 1971 10163 5299 12600 7480 15672 6456 9350 1158 1926 14214 10118 6534 3462 8582 12678 390 5476 231 12519 8423 2279 14567 10471 743 8935 3815 15079 14435 2536 12776 3048 11240 5096 744 1688 15256 8088 8088 6040 13464 4476 3452 7548 2214 3238 11430 9382 10150 1446 533 11797 7701 8726 7702 2838 15126 6934 3350 15638 7446 -1 -1 -1 -1 -1 -1 -1 -1 -1 -1 -1 -1 -1
 -1 -1 -1 -1 -1 -1 -1 -1 -1 -1 -1 -1 -1 -1 14597 2309 8965 16133 16133 9989 10245 10245 13468 11420 14492 6300 14695 4967 8039 7015 3175 15463 14439 10916 10932 7860 14004 6068 13748 9652 7604 12724 5253 394 12682 8586 1528 13816 15352 3064 2808 11000 2995 15283 16307 6067 13491 1203 11576 9528 9528 3206 15494 4230 6022 6022 14726 2438 9594 9594 5498 5476 231 12519 3303 3303 6375 13287 9191 4839 16103 6887 11363 1123 488 7144 5864 3816 13032 13976 9880 12184 3992 9368 9368 7320 1404 9596 8358 15526 7334 13478 2069 11029 8725 3605 13845 12822 4630 790 16150 10006 8470 12566 -1 -1 -1 -1 -1 -1 -1 -1 -1 -1 -1 -1 -1 -1
 -1 -1 -1 -1 -1 -1 -1 -1 -1 -1 -1 -1 -1 -1 10501 773 13061 4869 1797 14085 5893 9372 1180 1180 10396 2204 6503 13159 12135 14183 5223 1127 3748 15012 6836 16052 5812 14260 1972 11700 3508 8628 9349 1157 4490 3466 14730 2442 760 8952 7928 6904 14003 7091 12211 9139 3251 11443 4275 13624 14470 14470 7302 8326 134 2426 2426 10618 7546 9594 1402 13668 1380 4327 7399 11495 6375 5095 12263 1767 14055 99 3171 5219 9315 611 14056 7912 12008 11928 7832 9112 13208 6296 15512 4248 4248 5500 12454 4262 4262 6165 14357 15125 6933 10005 5909 9749 4886 8982 3862 14102 5910 278 -1 -1 -1 -1 -1 -1 -1 -1 -1 -1 -1 -1 -1 -1
 -1 -1 -1 -1 -1 -1 -1 -1 -1 -1 -1 -1 -1 -1 -1 4613 12805 517 6661 14853 2565 5532 13212 3996 2972 15260 4764 13927 1639 4711 5991 676 12964 16036 9892 12980 7092 12212 8116 2484 14772 6277 3205 11397 1418 11658 10634 15242 138 4856 12024 9976 3763 4787 13235 5043 14515 7347 12467 179 10374 10874 10874 1658 13946 6010 14202 6522 15738 3450 1402 9572 11620 11620 1255 13543 6119 4071 16359 3047 5863 4195 8291 3939 15203 4707 8803 6888 10984 2712 8856 664 10392 14488 2200 8344 152 152 166 12309 8213 15381 7189 3861 16149 1813 14101 2325 14358 6166 9238 13334 5142 -1 -1 -1 -1 -1 -1 -1 -1 -1 -1 -1 -1 -1 -1 -1
 -1 -1 -1 -1 -1 -1 -1 -1 -1 -1 -1 -1 -1 -1 -1 -1 8709 3589 15877 10757 9628 13724 5020 8092 12188 8860 12956 9831 15975 8807 9380 6052 1956 1700 13988 4788 15284 2996 9140 13236 6580 14469 7301 12421 12421 13706 5002 16266 4234 15498 2186 5880 2739 8883 691 10419 10565 7493 1349 9541 5721 14970 7802 15994 5754 10106 1914 1914 8570 4474 6500 3428 15716 4452 4452 5351 14311 2023 8167 7143 6631 9059 13155 16227 12131 7779 15971 6755 10317 6806 9878 13974 6038 14742 7574 9622 5526 5454 518 12309 4117 3093 9237 8981 4885 7957 6421 10517 2070 15382 7190 1046 -1 -1 -1 -1 -1 -1 -1 -1 -1 -1 -1 -1 -1 -1 -1 -1
 -1 -1 -1 -1 -1 -1 -1 -1 -1 -1 -1 -1 -1 -1 -1 -1 -1 3589 13829 9733 3484 15772 11676 1948 14236 5788 16028 2716 14951 2663 1188 5284 4004 12196 13220 6564 180 8372 2228 10420 4485 13189 9093 2949 11141 9098 906 12170 10122 13450 6282 14839 14917 7749 13893 5957 6469 15685 3397 5445 13913 1625 11898 3706 8826 12154 16250 4986 4986 12666 14692 14692 7524 8548 12644 356 10215 8679 8679 10727 14823 12643 8547 8035 14179 13923 9827 11341 6221 11926 3734 10134 1942 2454 15766 3478 1430 13646 12806 8710 7686 1045 5141 789 12565 277 15637 7445 8214 8214 7190 -1 -1 -1 -1 -1 -1 -1 -1 -1 -1 -1 -1 -1 -1 -1 -1 -1
 -1 -1 -1 -1 -1 -1 -1 -1 -1 -1 -1 -1 -1 -1 -1 -1 -1 -1 13829 9733 14748 7580 8604 12700 6044 13980 1692 6812 10908 14500 11428 8356 7076 8100 10660 14756 4276 11444 15540 6324 12677 4997 16261 7045 13957 5770 1674 4746 6026 9354 8695 15863 581 3653 5701 10053 1861 11589 8517 11865 11865 7769 634 12922 7034 7034 3962 9082 13178 378 10596 2404 9060 2916 15204 11108 487 12775 3559 15847 2535 4451 11619 2403 10083 5731 12365 3149 1101 12950 2966 12182 8086 5014 12694 4502 11598 1358 4614 11782 15878 14854 2566 10502 4373 8469 3349 13589 13589 12310 -1 -1 -1 -1 -1 -1 -1 -1 -1 -1 -1 -1 -1 -1 -1 -1 -1 -1
 -1 -1 -1 -1 -1 -1 -1 -1 -1 -1 -1 -1 -1 -1 -1 -1 -1 -1 -1 10652 14748 2460 2062 14350 5902 526 8718 7694 6670 6671 5647 12452 11172 2980 8612 15780 11684 1204 9396 3461 3461 11653 1925 10117 3717 11909 11914 3722 12938 6135 2039 9719 13815 4677 6981 16197 4933 325 12613 6745 3673 8793 12889 4730 11130 15226 2938 9082 9338 9338 868 13156 9060 8036 15204 9316 13412 4583 7655 15847 9703 3427 15715 6499 333 9037 4941 11085 13389 9293 7062 11158 9110 918 406 14670 15694 7502 4430 1542 3590 10758 14086 9990 14598 6406 9478 13589 9493 -1 -1 -1 -1 -1 -1 -1 -1 -1 -1 -1 -1 -1 -1 -1 -1 -1 -1 -1
 -1 -1 -1 -1 -1 -1 -1 -1 -1 -1 -1 -1 -1 -1 -1 -1 -1 -1 -1 -1 12302 8206 7182 6158 9998 1806 4622 11790 9742 3599 7695 13839 11023 420 4516 7588 13732 13492 13492 1413 15749 14725 2437 10885 14981 8837 645 2698 7927 5879 10231 8183 9207 69 15173 2885 9029 837 4421 14937 2649 8793 10073 10073 2170 14458 10362 7290 13434 5732 13924 4964 12132 16228 3940 9316 13412 11364 1511 13799 9703 13667 9571 4429 12621 8525 8013 16205 15181 589 13462 3222 12438 4246 11086 10574 3406 8526 12622 13830 9734 3846 14086 5894 2310 15622 13574 13574 -1 -1 -1 -1 -1 -1 -1 -1 -1 -1 -1 -1 -1 -1 -1 -1 -1 -1 -1 -1
 -1 -1 -1 -1 -1 -1 -1 -1 -1 -1 -1 -1 -1 -1 -1 -1 -1 -1 -1 -1 -1 11278 15374 3086 3854 16142 4878 1550 5646 12815 527 2831 15119 13583 1295 4367 13732 1444 5509 13701 9605 2266 10458 730 13018 7898 15066 13731 12023 8951 7159 4087 5111 13559 12357 7237 2117 10309 6233 15193 11097 8025 14169 10073 5465 6266 11386 15482 5242 9828 13924 1636 12132 1892 10084 3172 15460 11364 4196 5607 5607 5475 1357 3405 15693 11597 1869 10061 3661 8781 7318 15510 150 13902 15182 6990 8014 10062 334 11014 15110 16134 16134 4870 8454 7430 7430 -1 -1 -1 -1 -1 -1 -1 -1 -1 -1 -1 -1 -1 -1 -1 -1 -1 -1 -1 -1 -1
 -1 -1 -1 -1 -1 -1 -1 -1 -1 -1 -1 -1 -1 -1 -1 -1 -1 -1 -1 -1 -1 -1 1038 13326 6926 7950 8974 13070 782 783 13071 16143 3855 3343 15631 7439 12559 271 4112 218 8410 3290 6362 14298 4826 11994 3802 3491 4515 4855 11255 10487 7415 1271 4165 15429 3141 6213 14425 7001 12121 16217 5977 9561 13657 1369 11386 8314 8314 3684 15972 11876 4708 14180 14180 6244 7268 7268 12388 100 5607 5453 13645 9549 7501 14669 5965 13901 1613 7757 2637 2198 11854 7758 2894 12110 3918 14158 5198 2054 2822 7942 8966 13062 12550 4358 -1 -1 -1 -1 -1 -1 -1 -1 -1 -1 -1 -1 -1 -1 -1 -1 -1 -1 -1 -1 -1 -1
 -1 -1 -1 -1 -1 -1 -1 -1 -1 -1 -1 -1 -1 -1 -1 -1 -1 -1 -1 -1 -1 -1 -1 5134 11022 2830 7438 14606 10510 13327 4879 12047 9999 6415 2319 7439 9814 13910 4112 16 4314 15578 9434 4058 12250 1754 14042 14755 7587 419 5283 14583 11511 15607 4343 1093 9285 3161 10329 11353 857 13145 9049 3417 15705 11609 4441 12410 8314 6756 7780 7780 12900 612 10340 14436 2148 8292 9491 5395 5395 147 12435 8339 2195 10573 10573 5709 9805 2707 10899 10830 3662 4686 9038 13134 3918 9294 13390 14342 10246 7174 9222 774 262 -1 -1 -1 -1 -1 -1 -1 -1 -1 -1 -1 -1 -1 -1 -1 -1 -1 -1 -1 -1 -1 -1 -1
 -1 -1 -1 -1 -1 -1 -1 -1 -1 -1 -1 -1 -1 -1 -1 -1 -1 -1 -1 -1 -1 -1 -1 -1 270 12558 7438 3342 6414 9231 11279 4111 5903 10511 14607 10838 7766 1622 8208 16 11280 1242 13530 15322 8154 13274 10714 931 9123 2979 7075 13475 1187 8439 12535 5189 9285 8281 15449 11353 5209 13145 9049 6489 7513 8537 12633 4218 10852 14948 2660 8804 8804 612 10515 10515 6419 3347 9491 13587 40 40 12435 3219 3219 14483 915 12947 12947 16019 6803 6676 9748 12878 590 13134 6222 11342 7246 6150 15366 15366 13318 5126 -1 -1 -1 -1 -1 -1 -1 -1 -1 -1 -1 -1 -1 -1 -1 -1 -1 -1 -1 -1 -1 -1 -1 -1
 -1 -1 -1 -1 -1 -1 -1 -1 -1 -1 -1 -1 -1 -1 -1 -1 -1 -1 -1 -1 -1 -1 -1 -1 -1 -1 11534 3342 9486 3087 15375 8207 15 10326 2646 6742 15958 3670 5136 15376 7184 14352 5338 474 8666 2522 6618 13987 12195 16291 10147 3235 11427 12451 247 5189 89 12377 7257 9305 13401 4953 10585 14681 2393 8537 12633 345 531 12819 8723 7699 14867 6675 787 14611 2323 15635 11539 1299 4136 8232 4243 7315 11411 6291 5011 9107 7827 5779 8724 15892 1556 5652 10516 10318 2126 3150 78 8198 4102 3078 -1 -1 -1 -1 -1 -1 -1 -1 -1 -1 -1 -1 -1 -1 -1 -1 -1 -1 -1 -1 -1 -1 -1 -1 -1 -1
 -1 -1 -1 -1 -1 -1 -1 -1 -1 -1 -1 -1 -1 -1 -1 -1 -1 -1 -1 -1 -1 -1 -1 -1 -1 -1 -1 13582 5390 14351 2063 2134 14422 10326 13142 854 598 12886 5136 1040 7184 2832 11024 4624 4570 15834 6819 16035 4771 14243 6307 14499 7331 8355 163 5378 137 8329 8329 2185 14473 10377 649 12937 8841 2697 14985 10889 5393 12819 12819 15891 2579 2579 13075 8979 2323 7443 11539 4136 3112 11304 2088 1171 9363 1939 3987 12179 2963 1683 12820 4628 10004 14100 10516 14612 6420 4174 12366 6 12294 -1 -1 -1 -1 -1 -1 -1 -1 -1 -1 -1 -1 -1 -1 -1 -1 -1 -1 -1 -1 -1 -1 -1 -1 -1 -1 -1
 -1 -1 -1 -1 -1 -1 -1 -1 -1 -1 -1 -1 -1 -1 -1 -1 -1 -1 -1 -1 -1 -1 -1 -1 -1 -1 -1 -1 5390 86 8278 7254 3158 6230 9046 12118 2902 11094 9232 784 8976 3856 6928 8720 11792 5594 10915 2723 8867 675 10403 10713 10713 9689 13785 5378 5378 12425 7305 7305 14473 6025 6025 12937 16009 16009 6793 9489 13585 1297 11795 15891 3603 4883 4883 7955 2835 8467 4371 1064 3112 15400 2088 13459 5267 14227 8083 7059 15251 11155 11028 6932 12052 1812 2324 11540 7444 13588 5396 6 -1 -1 -1 -1 -1 -1 -1 -1 -1 -1 -1 -1 -1 -1 -1 -1 -1 -1 -1 -1 -1 -1 -1 -1 -1 -1 -1 -1
 -1 -1 -1 -1 -1 -1 -1 -1 -1 -1 -1 -1 -1 -1 -1 -1 -1 -1 -1 -1 -1 -1 -1 -1 -1 -1 -1 -1 -1 -1 4182 11350 15446 9302 5974 16214 6998 11094 10582 784 4880 7952 10000 5648 7696 6672 10804 6873 7897 14041 6105 14809 15833 15833 1497 9474 1282 4233 11401 15497 6281 10121 14217 1929 11913 16009 3721 9489 9489 11537 1555 1555 9747 1811 12051 16147 2835 12563 275 13352 9256 7208 14376 10280 6035 6035 10131 9619 13715 5523 20 2836 3860 4884 8468 15636 3348 1300 -1 -1 -1 -1 -1 -1 -1 -1 -1 -1 -1 -1 -1 -1 -1 -1 -1 -1 -1 -1 -1 -1 -1 -1 -1 -1 -1 -1 -1 -1
 -1 -1 -1 -1 -1 -1 -1 -1 -1 -1 -1 -1 -1 -1 -1 -1 -1 -1 -1 -1 -1 -1 -1 -1 -1 -1 -1 -1 -1 -1 -1 1110 1110 13398 14166 1878 2390 2390 14678 12560 272 1808 14096 9744 1552 3636 6708 11993 16089 5849 10201 2009 11737 3545 8665 3330 11522 11522 1161 13449 9353 3977 16265 12169 1673 13961 9865 6417 15633 11537 4369 13843 13843 14099 10003 3859 15123 11027 275 5160 9256 11048 11048 6952 552 10643 6547 3475 1427 4116 8212 7188 8980 13076 12564 4372 4372 -1 -1 -1 -1 -1 -1 -1 -1 -1 -1 -1 -1 -1 -1 -1 -1 -1 -1 -1 -1 -1 -1 -1 -1 -1 -1 -1 -1 -1 -1 -1
 -1 -1 -1 -1 -1 -1 -1 -1 -1 -1 -1 -1 -1 -1 -1 -1 -1 -1 -1 -1 -1 -1 -1 -1 -1 -1 -1 -1 -1 -1 -1 -1 -1 5206 10070 12630 8534 15702 6486 3344 15632 6416 2320 2320 564 4660 7732 9780 13017 7129 4057 12249 5081 12761 8665 6402 15618 4354 4354 13449 7049 7049 16265 5001 13193 5769 10513 14609 7441 8465 12561 273 5907 14099 10003 6931 9235 5139 296 9000 4904 3880 15144 15144 12840 2451 2451 15763 11667 11284 15380 7188 14356 788 276 -1 -1 -1 -1 -1 -1 -1 -1 -1 -1 -1 -1 -1 -1 -1 -1 -1 -1 -1 -1 -1 -1 -1 -1 -1 -1 -1 -1 -1 -1 -1 -1 -1
 -1 -1 -1 -1 -1 -1 -1 -1 -1 -1 -1 -1 -1 -1 -1 -1 -1 -1 -1 -1 -1 -1 -1 -1 -1 -1 -1 -1 -1 -1 -1 -1 -1 -1 -1 12630 4438 7510 9558 5392 7440 7440 2100 10292 13108 9012 2868 5684 4825 11225 3033 9177 13273 4569 10498 14594 7426 8450 12546 5257 11145 15241 8073 9097 13193 905 10513 14609 2321 8465 2833 11025 10259 10259 6163 3091 9235 13331 296 808 808 16168 12072 2856 4648 8744 8595 8595 4499 1044 3092 2068 14356 -1 -1 -1 -1 -1 -1 -1 -1 -1 -1 -1 -1 -1 -1 -1 -1 -1 -1 -1 -1 -1 -1 -1 -1 -1 -1 -1 -1 -1 -1 -1 -1 -1 -1 -1
 -1 -1 -1 -1 -1 -1 -1 -1 -1 -1 -1 -1 -1 -1 -1 -1 -1 -1 -1 -1 -1 -1 -1 -1 -1 -1 -1 -1 -1 -1 -1 -1 -1 -1 -1 -1 -1 1366 13654 9488 13584 8244 3124 6196 4916 16180 12084 15156 5428 217 8409 2265 14553 10457 770 13058 8962 2818 15106 11010 393 12681 8585 2441 14729 10633 785 13073 8977 7953 15121 11025 5137 14355 2067 15379 11283 1043 12584 8488 808 7976 5928 1576 11816 7720 2600 403 403 13332 9236 -1 -1 -1 -1 -1 -1 -1 -1 -1 -1 -1 -1 -1 -1 -1 -1 -1 -1 -1 -1 -1 -1 -1 -1 -1 -1 -1 -1 -1 -1 -1 -1 -1 -1 -1 -1 -1
 -1 -1 -1 -1 -1 -1 -1 -1 -1 -1 -1 -1 -1 -1 -1 -1 -1 -1 -1 -1 -1 -1 -1 -1 -1 -1 -1 -1 -1 -1 -1 -1 -1 -1 -1 -1 -1 -1 -1 5462 52 12340 15412 11316 9268 1844 7988 9524 13620 4313 4313 15577 6361 10457 5634 13058 7938 7938 15106 5122 5122 12681 7561 7561 14729 10633 13841 4881 4881 16145 6929 6929 13329 1041 2067 7187 11283 4392 11560 7464 2344 10024 14120 1576 3624 3624 14888 10792 5140 -1 -1 -1 -1 -1 -1 -1 -1 -1 -1 -1 -1 -1 -1 -1 -1 -1 -1 -1 -1 -1 -1 -1 -1 -1 -1 -1 -1 -1 -1 -1 -1 -1 -1 -1 -1 -1 -1 -1
 -1 -1 -1 -1 -1 -1 -1 -1 -1 -1 -1 -1 -1 -1 -1 -1 -1 -1 -1 -1 -1 -1 -1 -1 -1 -1 -1 -1 -1 -1 -1 -1 -1 -1 -1 -1 -1 -1 -1 -1 -1 -1 4148 1076 13364 14132 10036 10548 15668 11572 1241 15577 3289 9730 13826 4866 12034 16130 6914 9218 13314 4489 11657 15753 3465 9745 13841 1553 12049 16145 3857 9233 3089 11281 17 8211 4115 1320 11560 15656 2344 10536 1832 13864 9768 6696 -1 -1 -1 -1 -1 -1 -1 -1 -1 -1 -1 -1 -1 -1 -1 -1 -1 -1 -1 -1 -1 -1 -1 -1 -1 -1 -1 -1 -1 -1 -1 -1 -1 -1 -1 -1 -1 -1 -1 -1 -1 -1
 -1 -1 -1 -1 -1 -1 -1 -1 -1 -1 -1 -1 -1 -1 -1 -1 -1 -1 -1 -1 -1 -1 -1 -1 -1 -1 -1 -1 -1 -1 -1 -1 -1 -1 -1 -1 -1 -1 -1 -1 -1 -1 -1 -1 -1 5940 2356 14644 7476 4404 4404 13529 9433 3586 15874 11778 1794 14082 9986 3074 15362 11266 1417 13705 9609 3601 15889 11793 1809 14097 10001 6161 15377 11281 17 12307 19 13608 9512 3368 14632 10536 1832 -1 -1 -1 -1 -1 -1 -1 -1 -1 -1 -1 -1 -1 -1 -1 -1 -1 -1 -1 -1 -1 -1 -1 -1 -1 -1 -1 -1 -1 -1 -1 -1 -1 -1 -1 -1 -1 -1 -1 -1 -1 -1 -1 -1 -1
 -1 -1 -1 -1 -1 -1 -1 -1 -1 -1 -1 -1 -1 -1 -1 -1 -1 -1 -1 -1 -1 -1 -1 -1 -1 -1 -1 -1 -1 -1 -1 -1 -1 -1 -1 -1 -1 -1 -1 -1 -1 -1 -1 -1 -1 -1 -1 -1 6452 8500 308 5337 10754 14850 7682 12802 4610 14082 6146 6146 15362 11266 4098 13705 9609 6673 15889 11793 4625 14097 5905 14353 7185 7185 12305 8209 19 5416 9512 6440 -1 -1 -1 -1 -1 -1 -1 -1 -1 -1 -1 -1 -1 -1 -1 -1 -1 -1 -1 -1 -1 -1 -1 -1 -1 -1 -1 -1 -1 -1 -1 -1 -1 -1 -1 -1 -1 -1 -1 -1 -1 -1 -1 -1 -1 -1 -1 -1
 -1 -1 -1 -1 -1 -1 -1 -1 -1 -1 -1 -1 -1 -1 -1 -1 -1 -1 -1 -1 -1 -1 -1 -1 -1 -1 -1 -1 -1 -1 -1 -1 -1 -1 -1 -1 -1 -1 -1 -1 -1 -1 -1 -1 -1 -1 -1 -1 -1 -1 -1 -1 -1 2562 7682 8706 514 5890 10242 14338 7170 8194 12290 5513 10769 14865 2577 8721 12817 529 10257 14353 2065 4113 4113 -1 -1 -1 -1 -1 -1 -1 -1 -1 -1 -1 -1 -1 -1 -1 -1 -1 -1 -1 -1 -1 -1 -1 -1 -1 -1 -1 -1 -1 -1 -1 -1 -1 -1 -1 -1 -1 -1 -1 -1 -1 -1 -1 -1 -1 -1 -1 -1 -1 -1 -1 -1 -1
 -1 -1 -1 -1 -1 -1 -1 -1 -1 -1 -1 -1 -1 -1 -1 -1 -1 -1 -1 -1 -1 -1 -1 -1 -1 -1 -1 -1 -1 -1 -1 -1 -1 -1 -1 -1 -1 -1 -1 -1 -1 -1 -1 -1 -1 -1 -1 -1 -1 -1 -1 -1 -1 -1 -1 -1 -1 -1 -1 -1 -1 -1 -1 -1 -1 -1 -1 -1 -1 -1 -1 -1 -1 -1 -1 -1 -1 -1 -1 -1 -1 -1 -1 -1 -1 -1 -1 -1 -1 -1 -1 -1 -1 -1 -1 -1 -1 -1 -1 -1 -1 -1 -1 -1 -1 -1 -1 -1 -1 -1 -1 -1 -1 -1 -1 -1 -1 -1 -1 -1 -1 -1 -1 -1 -1 -1 -1 -1


