# Created by Octave 6.4.0, Fri Sep 19 11:12:42 2025 -03 <feliperiffel@feliperiffel-Asus-X1504ZA>
# name: DN
# type: matrix
# rows: 15
# columns: 15
 1.0799515280835335 0.057339121087760341 -0.17914850138332694 0.028652930710781867 0.091834299706091055 0.024929725992808117 -0.12059804210947192 0.022994017551863154 -0.083118472950263311 0.071889955813688788 0.044307321892500591 0.051824333422031021 -0.020798907525897262 -0.080307931952748796 0.24935132304866223
 0.1677165513320891 1.7492074793440078 -0.072728078438447891 -0.12712210514054742 0.1023967369752702 0.073230253275617815 -0.014368385039731566 -0.04785844488903121 0.029630979536068441 -0.051397624405060106 -0.17562481583006062 0.15826912655408096 -0.10430527386719188 0.3731485404199979 0.021670418844971163
 -0.084941796346326134 0.11625100036227731 2.3773540468941761 -0.012297134746192984 -0.16670055941234935 -0.024110945154858753 0.022131064995973809 -0.13419906385623356 0.053180792701545195 0.075911373148402697 0.027059946219026021 -0.11838092332241157 0.88818142635460706 0.11618471626548618 -0.19474208732047277
 -0.10699480387870536 0.040870486311642952 -0.15897118997886941 2.7511312657081084 0.29636085272133811 0.16558813677724857 -0.023756598609678735 -0.079536518216078253 0.23112698735452697 0.18449090973264123 0.012138978113449786 1.164376950119802 0.15650092734196192 -0.22136381653320866 0.086196463651792371
 0.076573603115451944 0.08607801215916798 -0.0079381057517703135 -0.06411870065808048 3.1220247026670784 0.0005205469803163925 -0.2792471032519826 0.022566840357511823 0.10477690146052925 0.18544169613574724 1.6462811923350618 -0.056594243781856748 -0.17296273972047804 0.065807596867754461 -0.30911777551804615
 0.061658690692048879 0.040303305754143329 -0.090493626215885498 -0.022622884103692523 -0.058172099069554312 3.3432488499603794 0.20105946004966432 0.062029241735585508 -0.16053408090597368 2.5728993153150741 0.014920951501748339 0.14689366988999816 0.080433402049427255 -0.085976817978328873 0.30269343888812117
 -0.047495015432793768 -0.11860961359542935 0.19204794848345585 0.04989469115086069 -0.11619936452847608 -0.034200987017968344 3.2406368487328518 0.045877077708303036 3.0755367769172985 -0.01568110604980584 0.11291553700964617 -0.063974239503463273 0.014191153391489828 0.069827241989061747 0.065993127278126396
 0.024730675557082391 0.013271515214228931 0.18258935761062023 0.0477790724908927 0.40241970202331306 0.10237619887009428 0.10485050133603088 5.5526481371150682 0.097125334504298 -0.1368562470759408 -0.12380850703364683 -0.083686812612406999 -0.10438082391086634 -0.27524373010187436 0.059367080238229064
 0.16172659235545167 0.27192308179735292 0.045318349684523959 0.026373597189705458 0.1279707557540754 -0.09577899838321291 -3.2560479912677236 -0.3539511471171421 3.336412610214277 -0.28466353327391081 0.028378880944339921 -0.028774003025386935 -0.0059607397194934887 -0.026430756495911357 -0.068701306799453798
 0.17229765686537163 0.055231647619347846 -0.11886024837388939 -0.0078782052220292154 -0.070859475691269505 -2.1747233242100545 -0.21169162105451503 -0.022179333265369968 -0.02175528050859659 3.2650502975849709 0.053234074626175562 0.00085563869101427936 -0.23432183239839927 0.20199476456306309 0.34720047653703934
 -0.17468082054949574 -0.076882598343574235 0.15525262634997278 0.079336083095779178 -1.7733076349138093 0.1158042029639676 -0.061223571647975317 0.34597103979723742 0.26843920075810807 -0.04197500363242427 3.2471437873302142 -0.083599474584145905 -0.024308776041901289 -0.30370490143600698 0.37706684970269622
 -0.11204579524700679 -0.09198600111929002 0.060332188234667107 -1.0267778109451366 0.037044759302742661 0.15897571969857202 0.12126341431590845 0.17222134621220009 -0.1783572199204019 -0.26690771322346213 -0.022705528466668089 2.788251920305779 -0.18312427814628654 -0.0064925671562861727 0.255454691603208
 0.1936479984027705 -0.10394057863473433 -0.87909443014419875 0.07914023269624923 0.032437791711441115 0.029621100553309087 0.069389854748396582 0.095223254672634206 0.024419418260982078 0.026017266839531296 0.15121126085267381 -0.12297083604452673 2.2956224646410326 -0.0081440351206070773 0.055726037160837495
 0.0084929358107066512 -0.35323651556038083 0.12429732815943569 -0.029279868469219379 -0.058471038007591958 -0.099515958947920383 -0.07068191246623691 -0.021298723185900252 -0.0085633203235814942 0.010927275048028469 -0.069608490063619285 -0.028695435795090651 0.032435032109884625 1.8229811990351392 -0.055536008578465391
 -0.063908167030870697 0.16840731172486131 -0.20751783437066496 -0.0057022557767691315 0.099587808726717672 0.030607667645271844 0.0018960310647230319 0.07270360460025177 -0.03679849581884978 -0.086155865887652922 -0.05450312911679514 0.06925772041267747 -0.12923464481814539 -0.025727411755981838 1.2038235342890051


# name: DN1
# type: matrix
# rows: 15
# columns: 15
 1.0480371775654631 0.0029736367981169068 -0.0046094952130800631 0.0044555229992106881 -0.00066939594118201658 0.020781088695143411 -0.024311041041751736 -0.0019934025039469701 -0.0085517489894020998 0.02199525204639961 -0.019152735806336658 0.012946493432663381 -0.0045452180814580046 0.0038405216182601657 0.11359192873244531
 -0.0034720248376838522 1.7758828864995102 0.018056147069246922 -0.012384121843040588 0.023139417240163888 -0.020907307583415441 -0.011147187662562796 0.0017791863770198132 0.042824581124934459 -0.073910063166639464 0.0061098133247983796 0.029026604810252758 0.025588019274283398 0.36208971504407461 0.0023601293199929543
 -0.0042615844715333546 0.00195049739358427 2.3161395868464085 0.040410046394970291 -0.05472710143453257 -0.018367037788959307 0.037394523186468201 0.051423135378015662 -0.093194488521605903 0.01452990400218346 0.010610339324205839 0.020234269148883995 0.7623968840729759 0.017931720203737737 -0.002019478535557707
 0.0096270869316420187 -0.0063806296054478503 0.0092795263235175493 2.6910775739798312 -0.0007164980153931712 -0.024038070849463501 0.044050977996826828 -0.075769179246594195 -0.011358738584561608 0.022467476263573882 0.046796817684828032 1.1991841405111685 0.003063793708009333 0.027522491319670286 0.005838494626409443
 0.008994594648569219 0.026323397328294133 -0.044414143530270268 -0.041981568586236917 3.0417788648269717 0.064110407166125288 -0.16614425172556635 -0.023815664090115124 0.093866159712130567 0.030922353441002651 1.7274441159036513 0.023157246739145879 0.024879427924538473 -0.0076453925848837395 -0.0068010949682307783
 0.0023767207645751806 -0.00071275072379774239 -0.0006308032499258466 -0.019140661467611581 0.0032619659535961364 3.1519861713795003 -0.0012593405503825597 -0.014641009643280059 0.04929017705090568 2.4135840525283521 -0.013669193931872449 0.025428011005348951 0.013659099388118464 -0.028570692584068347 0.00038816850594426217
 -0.014625474914085657 -0.028978221201510449 0.047979262237358981 0.051514309682690586 -0.13140103288745425 -0.071123049623194171 3.4589698168636951 0.093584504142812594 2.9798389336446474 -0.0089690117063727214 0.11932327605119905 -0.023771699097082453 -0.056436893735064123 0.02198060204385608 0.0073661433182521004
 -0.021616313559815341 0.016742947561022167 0.030787253645008967 -0.09733641963076746 0.018765218927007343 0.09709330556576902 0.0075695962918229031 5.4549110494864586 0.1374351158515289 0.075588794785898458 -0.0080836519994337067 -0.11361906218766074 0.058426235674598793 0.0040207637260957427 0.0052799573475532284
 -0.0050607091877392131 -0.003704852506446611 0.028035956184850538 -0.032665315136775383 0.013120947907704555 -0.025986080946378141 -3.1213914613418834 -0.10397291769519937 3.3507258403779359 -0.070177042120139338 0.052625626768064239 -0.041864084602580905 0.044295747170106453 -0.024577281496220609 0.013181269397145682
 -0.012265986877706234 0.02666077733698257 0.0074735852119446515 -0.055625572742329023 -0.034689196670030287 -2.2974544978361258 -0.091658643369041698 -0.13537254345418562 -0.002929162101325042 3.3607175393320103 -0.10809416160971486 -0.024938370982029816 0.0072349988457011457 0.047940120888363739 -0.02548565880292479
 0.019245360613884908 -0.0088343614553329074 -0.033694722092422663 0.00083297863175079583 -1.7593076942010188 -0.070794382689239169 0.0027191110157514485 -0.023485601280376658 0.061179016927056074 -0.055440957127926724 3.0267336864790728 -0.028674760445325229 0.019325114688098482 -0.022001018534590858 0.0087910852695301436
 0.0051995604920196045 -0.0062088362860833399 -0.015282292562244528 -1.221816153084343 -0.022954739540858932 -0.047591226979064497 -0.014203705105178127 0.16344304611147065 -0.071495112236775099 -0.040585874979829586 0.014231107134531434 2.7588332392842552 -0.050102066535349439 -0.0044352352780609909 -0.0076863426090661591
 -0.016098291680188784 0.0037280086364914812 -0.73813054695580715 -0.02249958436328545 -0.044860772771413676 0.0042915159347655992 0.072354145419372476 -0.065892206672605896 0.011070971947721369 -0.0037121832814188175 0.017668522743910803 -0.024064309479316235 2.318954288521446 -0.022815137802474503 0.0011032710497621955
 -0.0035266348570585971 -0.39081773027320893 0.0012472762826704149 -0.0061114700465748385 -0.00048361934699506887 0.036344494652671519 -0.029883533143278202 -0.022133051544106486 0.0046282239011597804 0.040657127110431728 -0.037721246147818945 -0.0060855667076363928 -0.006072756353128891 1.7813637005911416 -0.0039164918709666532
 -0.10548953007117044 -0.0048685497148453086 -0.020869821245775192 0.0092241297916990928 0.035084838268836738 -0.013781447336781895 -0.020540099892100216 0.0097836733859880953 0.015176691151793787 -0.020136683016260839 0.0048088560091638496 -0.011357537379757301 -0.0018970192267093856 0.0025588706748572976 1.0447768783328333


