# Created by Octave 6.4.0, Fri Sep 19 11:12:42 2025 -03 <feliperiffel@feliperiffel-Asus-X1504ZA>
# name: U_ad10
# type: matrix
# rows: 16
# columns: 16
 1.1355449486378122 0.20908769562713569 0.1215000627528724 0.074915518256791103 0.052706376090915441 0.032769286705441492 0.019375492210581768 0.005844911776434536 -0.006767385881319754 -0.018864857722739714 -0.032652626856878086 -0.052575196109854172 -0.074857355135206305 -0.12152438067279991 -0.20927309705237196 -1.1352293926359316
 -1.1337195851466557 1.1195429955507037 0.22400383602890095 0.11702721862745236 0.079205614682312131 0.050773908065785522 0.034581543740899612 0.018647316143961756 0.0061197661049199326 -0.0054631735271648552 -0.018215488023374693 -0.033792264925055271 -0.049858574081039109 -0.077830015234221506 -0.11442212328935364 -0.21660097473707118
 -0.22326428521515407 -1.1204832399260756 1.1363030123180993 0.20872317023544973 0.12129617218501743 0.074788824761685246 0.052591898110117441 0.032448534405172147 0.018913339709101251 0.0068060836927372748 -0.0060437805375430642 -0.019378442584098821 -0.032821433816929257 -0.052823565678657758 -0.074985106925355538 -0.12207118075883017
 -0.12076051192672299 -0.20818406362815356 -1.1347033499282215 1.1194618182512706 0.22391370730601601 0.11689052412480352 0.079107414332105108 0.050470113554729856 0.034120388687627567 0.0202089595191417 0.0062435261641331508 -0.0059735611155908863 -0.018388460149330044 -0.034009510980898661 -0.049984092389788515 -0.078412901845149818
 -0.078648811529481222 -0.11648811200113007 -0.22396470191268847 -1.1199972667289444 1.1352698988341956 0.20877331887681802 0.12120069871704509 0.074498070609569922 0.052131258791892066 0.034629069114277655 0.018417294566990705 0.0063027116281331175 -0.0062139016642905887 -0.019564927998865222 -0.032937411037362807 -0.053407188287397211
 -0.052149572968562374 -0.074397554517908748 -0.12134716678719748 -0.20864107519143893 -1.1341343987079755 1.1187177660003067 0.22387759079051861 0.11664505240516032 0.078662038763617659 0.053422457508869314 0.032851119863607448 0.019708166130581795 0.0060689740794934721 -0.0061461250916314825 -0.018516115269097355 -0.034621157029950389
 -0.034144951614837993 -0.050382637823987775 -0.079245467419669424 -0.11675828042997161 -0.2241899515935053 -1.120211604831542 1.1354899022524192 0.20842303928373007 0.12074014969002178 0.078410749803023094 0.049896631124870972 0.034133031620710241 0.018241973029841319 0.0061435743416478061 -0.0063503377520883753 -0.020195819699456941
 -0.018938900089854549 -0.032372283450939232 -0.052729951185759738 -0.074664996018979579 -0.12151305954900415 -0.20859929337466787 -1.1352264102479035 1.1194695900344402 0.22329808942542151 0.12206100439604484 0.074899677430694478 0.052930608136133817 0.032677480636833067 0.019564784393744539 0.0059288220803543901 -0.0067851626260893028
 -0.0061364957433642786 -0.018571065195073899 -0.034708372020677558 -0.050637038930062772 -0.079366077785564926 -0.11682130649683553 -0.22417985948278041 -1.1198358167779507 1.1342249004402518 0.2165049483259196 0.11429386517778628 0.077918000545833532 0.049721322721286043 0.033999455764257114 0.018096010354299086 0.0054975291033585449
 0.0067506562393022662 -0.0057774915814832184 -0.019501323023359163 -0.032626168784721798 -0.052835297860820418 -0.074743195580225907 -0.12162191975268843 -0.20890900579143912 -1.1364403444823807 1.1364990867427842 0.20871152984271202 0.12156767239562827 0.074714912751433715 0.052793432621148995 0.032515311050572926 0.018902145228991252
 0.02015234045460268 0.0064917656636143128 -0.0060984471798066764 -0.018206059152644727 -0.034041909516279389 -0.049754903303630971 -0.077971665187651418 -0.11446506191642492 -0.21644620610187104 -1.135510476112362 1.1208924616836349 0.224217866239945 0.11682287156316917 0.079303353574517566 0.050514686947271681 0.034099382375189613
 0.034589479269091505 0.018663473138857967 0.0061888595269454783 -0.0060322907386272107 -0.019608084225284372 -0.03270939203763451 -0.052968618864784212 -0.075070874152940892 -0.12202854140891084 -0.22332954423768214 -1.1182451013780281 1.1336579532316917 0.20877235377712822 0.12144487909157231 0.074554137626958727 0.052121311414986771
 0.053372410453472519 0.033077295477317747 0.019593740992021047 0.0062439819972670563 -0.0062026297129111896 -0.018284526544905977 -0.034171042347188596 -0.05008348173599142 -0.078378869557523601 -0.12067935039938504 -0.20880501438026489 -1.1347891132917678 1.1198942830523624 0.22392542043519104 0.11666717507701074 0.078619720515844094
 0.078371191501428683 0.050114435730598927 0.034026714649510126 0.01841854046039515 0.0060802460587403573 -0.006111527586396992 -0.019735534729727888 -0.033039639626281758 -0.053385279515316242 -0.078571391595950502 -0.11685553214767808 -0.22366718401746821 -1.1189283195669493 1.1339655001598459 0.20859752751316485 0.12072025273425346
 0.12206555695100541 0.075120885285667072 0.052840769333821314 0.032863123412742112 0.019499048997147383 0.006178171850597769 -0.0063143246827408461 -0.018604968246341169 -0.034591302671900692 -0.052061470680534683 -0.074714006613521899 -0.12118664266983536 -0.20888823982642712 -1.1351993467053112 1.1197543461957853 0.22323840008237816
 0.21691653072792239 0.11455790165086066 0.077841783855213009 0.049909804734028285 0.033920344797005342 0.018343949370400903 0.0059648351417873613 -0.0064377799658270618 -0.020172001993625344 -0.03406209482696454 -0.050674555917139763 -0.079073605214984521 -0.11695788737139345 -0.22404252801953728 -1.1201597331299991 1.1341250361648738


# name: U_ad0
# type: matrix
# rows: 16
# columns: 16
 1.0822055559090353 0.25500615552513517 0.20030386517142335 -0.046236444405020963 0.14236012731243808 0.075657042123629351 -0.040492037728428971 0.023283927113223496 -0.10089922942534656 -0.042909859529024312 -0.064269390971596216 0.068051483243367988 -0.0091297250367363761 -0.12828761649371712 -0.19837067409134868 -1.1103750614013967
 -1.0703271434098691 1.223046749747688 0.28242796350303057 0.13539401863956993 0.0096938631900314806 0.03278254744079525 0.094826415750855819 0.03984153609984175 -0.11519307907864337 0.047464362604803474 -0.085997586346310134 0.077364293680426771 0.056544959802687936 -0.014079207597865032 -0.048514519284724493 -0.15165963901919169
 -0.15276828401910209 -1.0856463605783828 1.0822095801740599 0.26942972523373254 0.032031817625137862 0.11785628640685777 -0.0067852424017290289 0.058941579690366841 -0.010677514441403142 -0.019604583070588037 -0.015084932064317959 0.093355843636150598 -0.0007502776584550723 -0.061694380415069895 -0.0050918966352869466 -0.16372842459084555
 -0.029914843573654246 -0.26808284902777046 -1.1872954746108362 1.084231643869173 0.15177101107664148 0.22169874442296625 0.11805426172999144 0.13084410894866177 -0.057933337662653558 -0.044952840472566966 -0.063427612252581811 0.062272052439378188 0.067296661180903911 0.048093227435230854 -0.026125367332461714 -0.10144770977562606
 -0.11721177028183112 -0.01027012561134788 -0.10711965589622342 -1.0158866697807742 1.2327471407219233 0.28875021816049007 0.13818763514751495 0.028812832068704632 -0.077370784582474844 0.041787335112492871 -0.072162902943181798 0.11487199946043913 -0.021287541362552155 0.031869387295027328 -0.020254018594173976 0.010728179783899991
 -0.027102792311398477 -0.06327869478413585 -0.21721163073416194 -0.19974773156261913 -1.0988889460403257 1.1073149512059459 0.31017872962815918 0.066921539231993538 -0.052156936103687754 -0.022829974971412301 -0.011291890740402743 -0.039288258995837079 0.012028743528057263 -0.069309999665593938 0.058892795021582775 -0.052128901133151745
 -0.033242390880287173 0.065247131990483098 -0.1575194173894553 -0.11918238946214782 -0.34329545645443049 -1.1406099509865544 1.2223878405916107 0.31792169124999758 0.15234249502738151 0.088598548501661545 0.024108763869582397 0.050815970226938477 0.10252154771219316 0.066926803367027388 0.045158085366505694 -0.0499190237724264
 -0.041557224729828722 0.010519893744164677 -0.065596627712726507 -0.13845318871999696 -0.068988169862409993 -0.2282354850463941 -1.1338405143328287 1.1488374911634871 0.22356727586540354 0.19918238286025236 0.047220695168366682 0.12537785681423938 -0.002370220559082703 0.093027093082863749 -0.073844484802061849 -0.012332164139117495
 -0.10483301709783596 0.094615518418989283 -0.11851898232396262 -0.030998924049437927 -0.055392734470557717 -0.21477034366960032 -0.33896434586141644 -1.1630134762044433 1.0811286666712581 0.15051060765116622 0.10525235715623407 0.14826414022979123 0.08008174803248827 -0.03727159003185071 0.027005700436119818 0.017259156123219679
 0.091266096907195143 0.062675909808275476 -0.047091298178719397 -0.014239414837766381 0.022127355788473212 -0.15592508049201312 -0.091676259862875559 -0.094514804088774024 -1.017388762870389 1.2253117187978186 0.21844928827825022 0.11499175519212917 0.016812193624247615 0.088242367459411747 0.11972310783656794 -0.024126295754558366
 -0.032212052093916338 -0.065403830090359397 -0.065583913020304752 0.094767080913142815 0.032981235478689114 -0.031170449271937899 -0.086327369599530385 -0.12415725387690225 -0.11226398136785212 -1.0566410918704545 1.1362675398943116 0.16683913787346641 -0.013514157099976581 0.13999756707043132 0.095765505754851182 -0.07653315888706741
 0.13439791343251603 -0.041940641301074208 -0.016259990613788237 0.00082695947543762714 0.01851668806808927 -0.012473413915730376 -0.047158608538444571 -0.14178052848912562 -0.18817644168194134 -0.059333893388802419 -1.0405561959630067 1.0100088036612411 0.087624438068182028 0.15625393989500042 -0.050731169430785539 0.13138462060104616
 0.011408070425667605 0.012937451632459344 0.094061994753390499 -0.020006532709836797 -0.0063043137411910328 0.070797529574867277 0.046731266607078159 -0.12356924283078777 -0.039888603134786565 -0.015886182524078245 -0.16405602835610317 -1.029603373469558 1.0260298982559464 0.19140064742758764 0.18324379249869011 0.04544222012831628
 0.058529635758452839 0.11033972145237629 0.10015529743083693 0.07838899099160257 -0.051808245699093244 0.0020360330751668177 -0.087571962965106304 -0.031505521177939255 -0.16571047787834919 0.0096623922926646483 -0.067881183602819473 -0.25655838354975324 -1.1521657237158542 1.0597439150705434 0.13675047494955303 0.16913117860702098
 0.16585918884858397 0.096506208849927944 0.11543741790988987 0.12914441050276171 -0.040438028269738975 -0.085052769645233728 -0.058178814674382212 -0.054343687234370927 -0.1104038884523421 0.043957843017393625 -0.14713086945346487 -0.064603404952252516 -0.17000171673777675 -1.1542333159913269 1.2001053641763966 0.24390833748551924
 0.32254967949433455 0.05830223303776081 0.031432874316258665 -0.065902053027852944 0.1396236831478663 0.13589796918361402 0.031550110240824915 0.049684903314903585 -0.01015861508566529 -0.10140311961354931 -0.0014004608403862147 -0.024199363380104883 -0.09453639665844292 -0.25286063461587333 -1.2215888744599286 1.0656187004738253


