# Created by Octave 6.4.0, Fri Sep 19 11:12:42 2025 -03 <feliperiffel@feliperiffel-Asus-X1504ZA>
# name: NtoD
# type: matrix
# rows: 15
# columns: 15
 0.92685471609130876 -0.005886029715125563 0.040788956461278059 -0.012120186143590086 -0.019459446421418367 -0.012403531141168232 0.028748150163561702 -0.00013804795300767394 -0.0048382787166970998 -0.01535071919083237 -0.0053657680853036087 -0.005513427317608603 -0.020648665986389925 0.035068647143664068 -0.17828138360808266
 -0.084240688472815128 0.55067201383692099 0.022651443582164511 0.011696868302325043 -0.0016049777290669256 -0.0070244548715023619 -0.0071669899878816865 0.0041515246804341762 -0.0063352359619493065 0.012472877811457169 0.028436983308996508 -0.033008864880716401 0.01557727063889776 -0.11260672501567197 0.00012779453430311486
 0.066493542610357226 -0.043573674475946789 0.37673711302367152 0.0061151135724072797 0.013845508441862711 -0.0018860462212646318 -3.7187519946817096e-05 0.01005021488277468 -0.0027160115138750748 -0.0071087175079388451 -0.0054449333701713266 0.0072983114755563547 -0.14271456675231337 -0.010424126610978577 0.059231556544078426
 0.034657340882545143 -0.0048231862501310549 0.0090459445484099704 0.31447540375716992 -0.021921204840438538 -0.018635143458737607 -0.010794682500838707 0.0077664003892021017 -0.019212653391985961 -0.014703253167087827 0.012125661917472982 -0.13188874197063427 -0.037866284152370609 0.044386308599353413 0.0022537059399248428
 -0.022911299518193651 -0.030894269095168837 0.020860464851568363 0.0073798784288629342 0.24658593331252401 -0.004071535583308067 0.0094816194213877217 0.0049978544023917791 -0.0068759929021876501 -0.010763202278504247 -0.1256504129291566 -0.00071538465729538902 0.012835847797696368 -0.022021008237561607 0.11233418977177639
 0.01255947122543776 0.0020844187013060482 -0.0083228735390791612 -0.0020614048543857095 0.0012365089453813525 0.19902452197339524 -0.0061408792471469662 -0.0014784812263148642 0.014197827669259724 -0.15655766431805074 0.0024979061123497526 -0.010763689311634492 -0.020699985559146608 0.027550325494571443 -0.0034594393470889816
 0.022789596822009293 0.031840182373588932 -0.0067627838522541983 -7.9655557440208666e-05 0.0070238171137118992 -0.0078913557525083361 0.16118193510024853 -0.010158284162443004 -0.14816964390650378 -0.0070603764184631827 -0.0073356297253605882 2.5924131492424782e-05 0.0017764532769005683 -0.016229719043702337 -0.015887488912136309
 -0.0079577494195119548 0.0090528083526376299 -0.012961000033697812 -0.001066399926060369 -0.014474433952923114 0.0001212635696454128 -0.006267144066930211 0.1790739014587702 -8.9149189976419317e-06 0.0088455413625356475 0.014655080520852209 0.0062425935540656469 0.012523076599872493 0.027548285780183059 -0.020545307716054166
 -0.019430284658931998 -0.011906298988491503 -0.015492064835827213 -0.002520054007097905 -0.0039439279863320836 0.010938765239913849 0.15593249515586671 0.008298192128378578 0.15715561929370886 0.0074548169820161519 -0.0052024486078125765 0.00640001620817342 0.0055963322424542501 -0.0012224522664254171 -0.004032661789009068
 -0.045992891422004661 -0.0055210885584163361 0.0089096764065916007 0.00028383699169577583 0.0059236256897486532 0.13162841288909738 0.0045620937543866171 0.0011804891188565434 0.0015319718793965487 0.20070733576118732 -0.0088760072713767804 -0.0035229799436157045 0.007825570197473871 -0.020183430389108716 -0.076402453493642317
 0.024322974772195173 0.01871037858077855 -0.011173354372702907 0.00066847609945401803 0.13756816797986515 -0.0089507522365033648 -0.0023634352551679021 -0.016634752833783947 -0.020695277598726941 -0.00088113597129822524 0.23787900130180045 0.0094730196090427165 0.015441604028742235 0.029113649157757444 -0.045523334414414543
 0.029713433446853822 0.022646862079184087 0.00073198129775605271 0.11613914516792465 -0.0097853055974420934 -0.0058970854950717126 -0.00018702638049154308 -0.0065386156295628222 0.0081974273263278018 0.021790438379673135 0.0048888974558299186 0.31140639810371906 0.014272693623817837 0.0082577726960895523 -0.089166115996416079
 -0.058818410202053278 0.010496301585455567 0.14097476051490246 -0.00058148861421107177 -0.0047826406346007811 -0.0030494444913400321 -0.00875312782258705 -0.0024949711898380293 0.0041222120334183064 0.00017853533031138898 -0.014921982745490506 0.022463676552216622 0.38354098300227124 -0.014225016402890981 0.016663049492266616
 -0.01931766259604124 0.10848853568369601 -0.02222922354154714 0.0087084705903515865 0.011349965081738807 0.0079814617223192552 0.0054063580931099451 0.0010475715639243202 -0.0063927542667915407 -0.0067706975347826669 0.011934270263010166 -0.0049223759265908818 0.0060863744784767394 0.53084505150936234 0.021490462941908116
 0.063415468383067525 -0.080745816136229179 0.077536730754210748 -0.0068139988175926949 -0.01126922710335233 0.0047245213974227351 0.0061403030599828691 -0.010277943036928959 0.0043228538041394406 0.013666110250302767 0.012660934185591173 -0.010322711274000477 0.012562807931794576 0.024690025075172893 0.8232116914289207


# name: NtoD1
# type: matrix
# rows: 15
# columns: 15
 0.94385637664391364 -0.002170960180871147 0.0014339534406119148 -0.0029219440170563005 0.0038021040353479435 -0.0076413797830176631 0.0047851225711274138 0.00045762322379559023 -0.0014825387640300988 -0.001362685657668745 0.0037550020239691963 -0.0034583020762838142 0.0013541132706103242 -0.0015103998791145753 -0.10268260863183067
 0.0012049396755445469 0.53888342439127279 -0.0056078930828223558 -0.00026994571452243585 -0.0041035041828837932 0.0093382088499104985 -0.0030087827221705462 -0.00031016438842488084 -0.0043297257740671363 0.0063566145596152387 0.00043868945307770131 -0.0058988950425618875 -0.0045327482563802951 -0.10960419624447379 -0.001608548291174283
 -0.00025754672626432536 -0.0012011800262470484 0.39079832222212824 -0.0075396543219136873 0.0035756727551693934 0.00098481652641021957 0.0049620741040321123 -0.0053378658809980026 0.0070120143918683125 -0.0022594031600278656 -0.0030129921350471561 -0.00086431965354299577 -0.1283811786836202 -0.0051180034847992722 0.00083493118630366164
 -0.0023439732484734658 -0.00051679574926101523 -0.0031052376706695081 0.31072195894155474 -0.0027501038833258355 -0.0018041115160295658 -0.0036542932847611759 0.0083293653725028099 0.0011765063710172229 -0.0025395934585822153 -0.0025999520760619311 -0.13474742112439247 -0.0025665097605324485 -0.0049860065266031347 -0.002582171393326602
 0.00077505376872313511 -0.0043710210551965037 0.0021039208372475018 0.001678139316414057 0.24731661659830806 -0.0077626737508234081 0.0045362992199046862 0.00033546439318471786 -0.0082580549124771762 0.00064635731108546844 -0.1411923741464613 -0.0042466334939222534 -0.0019075159218049078 -0.00019422500094209833 0.0027774729590320734
 -0.0025491608392096193 0.0037763587669862645 0.00020632892308560636 -0.0026958356999111288 -0.0033710392039741463 0.20822394468754057 -0.0037181684672513053 -0.0030569139931346059 0.0002754225117535911 -0.14949468079273884 -0.0022197716820677119 -0.0022834655591839601 -0.00086978724470635903 0.0066430548273861707 -0.0033960142420631522
 0.0016701660369812157 0.0014039327614766683 0.00059350747009426783 -0.0045604486628434693 0.0040198485772015083 0.0004161386792223583 0.16051532978958227 -0.0055796737233917374 -0.1425385568091635 -0.0027440127092527404 -0.0062727304827985535 0.00086884866741156132 0.0065923235006592881 -0.0040529799474403379 0.00053277900058841055
 0.003411331514416362 -0.001798007692871895 -0.0033888262212681168 0.0083746092797225471 -0.00074350363958997653 -0.0057496926559733128 -0.0039191029796993406 0.1832910039863907 -0.0038800575000063212 -0.00012559991354613279 0.0010132313883912064 0.0038768060813741206 -0.0033938723008245454 -0.00026757309425296124 -0.0012530801915859855
 0.0027111021808687435 0.0027054158304063167 -0.0046000542705359861 0.00083280986665412997 0.00050501428153069494 0.0047695766839169571 0.14943527717912303 0.00056217490912482157 0.16553263857336964 0.0003431139391469021 -0.0090306568493279948 0.0033182036012687237 0.0020568439503793425 -8.6353021090922362e-05 -0.0033514738172290707
 0.0023144730601134017 -0.0034484373925866246 -0.00084601648503379915 0.0045866021460874143 0.0048418954453177052 0.14216592652110266 0.0018292091521791654 0.005241069172969022 -0.0039843454188408624 0.19521359838600028 0.0047921399199900303 -0.0013255083768478908 -0.0012663165341372481 -0.0023751104875906542 0.0044227523673039427
 -0.0059222396372190962 -0.00014427972965541246 0.0048092963013201062 0.0021970702980880557 0.14376170626735599 0.0029059410734649984 -0.00053031190567669531 0.0014996474139805851 -0.0080492296071803839 0.00043997980586488888 0.24851869971425855 0.00028921175331674822 -0.0051077859728557197 0.0035088423848407876 -0.0003860107485588571
 -0.0025247485583445748 0.0013345986149638995 0.0031215477066722733 0.13714086486144486 0.00025866232138889119 0.0053120434360265697 0.0032600115611825953 -0.0071304140749655701 0.0043411137601495672 -0.00081951071453180554 -0.0040020395994309161 0.30258756036784967 0.0054857865541217236 -0.0015002149616607625 0.0016975103820278184
 0.0064970127820779483 -0.00029656226575595695 0.12430968561488236 0.0024381721614385424 0.004727056267044105 -0.00030227796538010159 -0.0041004019271717344 0.0037217736395192863 0.0056907043161776019 -9.4610809341861071e-05 -0.0052970099150126708 0.0015203024668175298 0.39010807237842321 0.0038319315033828339 -0.00085400059256815443
 0.002285421628044907 0.11822155675092461 -0.00096195039954249755 0.001501630394038723 0.002220422559840337 -0.0054554094671721799 0.0016136907286333632 0.0021059794934975675 -0.0038870982989913511 -5.9292014706654305e-05 0.0051647063214463164 -0.00057884240718705218 0.00043575647408930414 0.5372300033138131 0.0014819706542622229
 0.095273381142233354 0.0021328668896322496 0.0082182672099546938 -0.0018924197489999523 -0.008372940610112246 0.0051048793839995471 0.0014825304618381152 -0.0020030594742695049 -0.004902450211359064 0.001569428473177556 0.003937166158301861 0.0041074500925545295 -0.0014761165916729996 -0.0020902951227566948 0.94683955353750338


# name: Ntrig
# type: matrix
# rows: 1
# columns: 15
 1 2 3 4 5 6 7 8 7 6 5 4 3 2 1


